1
17 19
0 
0 
0 
0 
0 
0 
0 
0 
0 
0 
0 
0 
0 
0 
1 
2 
2 
1 0 0
2 1 0
3 2 0
4 3 0
5 4 0
5 0 0
6 4 0
7 6 0
8 7 0
9 8 0
9 3 0
10 9 0
11 10 0
12 11 0
13 12 0
13 8 0
14 12 0
15 14 0
16 14 0
2
13 14
0 
0 
0 
0 
0 
0 
1 
0 
0 
0 
1 
2 
2 
1 0 0
2 1 0
3 2 0
4 3 0
5 4 0
6 5 0
7 6 0
7 2 0
8 7 0
9 8 0
9 0 0
10 8 0
11 10 0
12 10 0
3
13 14
0 
0 
0 
0 
0 
0 
0 
1 
0 
0 
1 
2 
2 
1 0 0
2 1 0
3 2 0
4 3 0
5 4 0
6 5 0
7 6 0
7 2 0
8 3 0
9 8 0
9 0 0
10 8 0
11 10 0
12 10 0
4
19 22
0 
0 
0 
0 
0 
0 
0 
0 
0 
0 
0 
0 
0 
0 
0 
0 
1 
2 
2 
1 0 0
2 1 0
3 2 0
4 3 0
5 4 0
5 0 0
6 4 0
7 6 0
8 7 0
9 8 0
10 9 0
11 10 0
11 6 0
12 11 0
12 3 0
13 12 0
14 13 0
15 14 0
15 10 0
16 13 0
17 16 0
18 16 0
5
11 11
0 
0 
0 
0 
0 
0 
3 
1 
2 
2 
3 
1 0 0
2 1 0
3 2 0
4 3 0
5 4 0
5 0 0
6 5 0
7 3 0
8 7 0
9 7 0
10 2 0
6
28 31
0 
0 
0 
0 
0 
0 
0 
0 
0 
0 
0 
0 
0 
0 
0 
0 
1 
2 
2 
1 
2 
2 
1 
2 
2 
1 
2 
2 
1 0 0
2 1 0
3 2 0
4 3 0
5 4 0
6 5 0
7 6 0
7 2 0
8 7 0
9 8 0
9 0 0
10 9 0
11 10 0
12 11 0
13 12 0
13 8 0
14 13 0
15 14 0
15 6 0
16 12 0
17 16 0
18 16 0
19 10 0
20 19 0
21 19 0
22 5 0
23 22 0
24 22 0
25 3 0
26 25 0
27 25 0
7
16 17
0 
0 
0 
0 
0 
0 
0 
1 
2 
2 
0 
0 
0 
0 
0 
0 
1 0 0
2 1 0
3 2 0
4 3 0
5 4 0
6 5 0
6 1 0
7 6 0
8 7 0
9 7 0
10 3 0
11 10 0
12 11 0
13 12 0
14 13 0
15 14 0
15 10 0
8
20 22
0 
0 
2 
2 
0 
0 
0 
0 
0 
0 
0 
0 
0 
0 
0 
0 
0 
1 
2 
2 
1 0 0
2 1 0
3 1 0
4 3 0
5 4 0
6 5 0
7 6 0
8 7 0
9 8 0
9 4 0
10 8 0
11 10 0
12 11 0
12 7 0
13 12 0
14 13 0
15 14 0
16 15 0
16 11 0
17 15 0
18 17 0
19 17 0
9
12 13
0 
0 
0 
1 
0 
1 
0 
0 
0 
1 
2 
2 
1 0 0
2 1 0
3 2 0
4 3 0
5 4 0
6 5 0
6 2 0
7 6 0
8 7 0
8 0 0
9 8 0
10 9 0
11 9 0
10
17 19
0 
0 
0 
0 
0 
0 
0 
0 
0 
0 
0 
0 
0 
0 
1 
2 
2 
1 0 0
2 1 0
3 2 0
4 3 0
5 4 0
6 5 0
6 1 0
7 5 0
8 7 0
9 8 0
9 4 0
10 9 0
11 10 0
12 11 0
13 12 0
13 8 0
14 12 0
15 14 0
16 14 0
11
17 19
0 
0 
0 
0 
0 
0 
0 
0 
0 
0 
0 
0 
0 
0 
1 
2 
2 
1 0 0
2 1 0
3 2 0
4 3 0
5 4 0
5 0 0
6 4 0
7 6 0
8 7 0
9 8 0
9 3 0
10 9 0
11 10 0
12 11 0
13 12 0
13 8 0
14 7 0
15 14 0
16 14 0
12
20 23
0 
0 
0 
0 
0 
0 
0 
0 
0 
0 
0 
0 
0 
0 
0 
0 
1 
1 
2 
2 
1 0 0
2 1 0
3 2 0
4 3 0
5 4 0
6 5 0
7 6 0
7 2 0
8 7 0
9 8 0
9 0 0
10 9 0
11 10 0
12 11 0
13 12 0
13 8 0
14 13 0
15 14 0
15 6 0
16 12 0
17 5 0
18 17 0
19 17 0
13
22 25
0 
0 
0 
0 
0 
0 
0 
0 
0 
0 
0 
0 
0 
0 
0 
0 
1 
2 
2 
1 
2 
2 
1 0 0
2 1 0
3 2 0
4 3 0
5 4 0
5 0 0
6 4 0
7 6 0
8 7 0
9 8 0
10 9 0
11 10 0
11 6 0
12 11 0
12 3 0
13 12 0
14 13 0
15 14 0
15 10 0
16 14 0
17 16 0
18 16 0
19 9 0
20 19 0
21 19 0
14
13 14
0 
1 
0 
0 
0 
0 
0 
0 
0 
1 
1 
2 
2 
1 0 0
2 1 0
3 2 0
4 3 0
5 4 0
6 5 0
7 6 0
7 2 0
8 7 0
9 8 0
9 1 0
10 4 0
11 10 0
12 10 0
15
19 22
0 
0 
0 
0 
0 
0 
0 
0 
0 
0 
0 
0 
0 
0 
0 
0 
1 
2 
2 
1 0 0
2 1 0
3 2 0
4 3 0
5 4 0
6 5 0
7 6 0
8 7 0
9 8 0
10 9 0
10 5 0
11 10 0
11 2 0
12 11 0
13 12 0
13 0 0
14 12 0
15 14 0
15 9 0
16 8 0
17 16 0
18 16 0
16
22 25
0 
0 
0 
0 
0 
0 
0 
0 
0 
0 
0 
0 
0 
0 
0 
0 
1 
2 
2 
1 
2 
2 
1 0 0
2 1 0
3 2 0
4 3 0
5 4 0
5 0 0
6 4 0
7 6 0
8 7 0
9 8 0
10 9 0
11 10 0
11 6 0
12 11 0
12 3 0
13 12 0
14 13 0
15 14 0
15 10 0
16 15 0
17 16 0
18 16 0
19 9 0
20 19 0
21 19 0
17
11 11
0 
0 
0 
0 
0 
0 
1 
1 
2 
2 
1 
1 0 0
2 1 0
3 2 0
4 3 0
5 4 0
5 0 0
6 4 0
7 3 0
8 7 0
9 7 0
10 2 0
18
17 19
0 
0 
0 
0 
0 
0 
0 
0 
0 
0 
0 
0 
0 
2 
1 
2 
2 
1 0 0
2 1 0
3 2 0
4 3 0
5 4 0
5 0 0
6 4 0
7 6 0
8 7 0
9 8 0
10 9 0
11 10 0
11 6 0
12 11 0
12 3 0
13 12 0
14 8 0
15 14 0
16 14 0
19
13 14
0 
0 
0 
0 
0 
0 
0 
0 
1 
0 
1 
2 
2 
1 0 0
2 1 0
3 2 0
4 3 0
5 4 0
6 5 0
7 6 0
7 2 0
8 7 0
9 8 0
9 0 0
10 4 0
11 10 0
12 10 0
20
18 20
0 
0 
0 
0 
0 
0 
0 
1 
0 
0 
0 
0 
0 
0 
0 
1 
2 
2 
1 0 0
2 1 0
3 2 0
4 3 0
5 4 0
5 0 0
6 5 0
7 6 0
8 3 0
9 8 0
10 9 0
10 2 0
11 10 0
12 11 0
13 12 0
14 13 0
14 9 0
15 13 0
16 15 0
17 15 0
21
18 19
0 
0 
0 
0 
0 
0 
1 
2 
2 
0 
0 
0 
0 
0 
0 
1 
2 
2 
1 0 0
2 1 0
3 2 0
4 3 0
5 4 0
5 0 0
6 4 0
7 6 0
8 6 0
9 2 0
10 9 0
11 10 0
12 11 0
13 12 0
14 13 0
14 9 0
15 12 0
16 15 0
17 15 0
22
17 19
0 
0 
0 
0 
0 
0 
1 
2 
2 
0 
0 
0 
0 
0 
0 
0 
4 
1 0 0
2 1 0
3 2 0
4 3 0
5 4 0
5 0 0
6 5 0
7 6 0
8 6 0
9 3 0
10 9 0
11 10 0
11 2 0
12 11 0
13 12 0
14 13 0
15 14 0
15 10 0
16 14 0
23
23 27
0 
0 
0 
0 
0 
0 
0 
0 
0 
0 
0 
0 
0 
0 
0 
0 
0 
0 
0 
0 
1 
2 
2 
1 0 0
2 1 0
3 2 0
4 3 0
5 4 0
5 0 0
6 4 0
7 6 0
8 7 0
9 8 0
9 3 0
10 9 0
11 10 0
12 11 0
13 12 0
14 13 0
15 14 0
16 15 0
16 11 0
17 16 0
17 8 0
18 17 0
19 18 0
19 15 0
20 19 0
21 20 0
22 20 0
24
27 33
0 
0 
0 
0 
0 
0 
0 
0 
0 
0 
0 
0 
0 
0 
0 
0 
0 
0 
0 
0 
0 
0 
0 
0 
1 
2 
2 
1 0 0
2 1 0
3 2 0
4 3 0
5 4 0
6 5 0
7 6 0
8 7 0
9 8 0
10 9 0
11 10 0
12 11 0
13 12 0
14 13 0
15 14 0
16 15 0
17 16 0
17 0 0
18 17 0
19 18 0
19 2 0
20 19 0
20 5 0
21 20 0
21 8 0
22 21 0
22 11 0
23 22 0
23 14 0
23 18 0
24 9 0
25 24 0
26 24 0
25
17 19
0 
0 
0 
0 
0 
0 
1 
2 
2 
0 
0 
0 
0 
0 
0 
0 
2 
1 0 0
2 1 0
3 2 0
4 3 0
5 4 0
5 0 0
6 5 0
7 6 0
8 6 0
9 3 0
10 9 0
11 10 0
11 2 0
12 11 0
13 12 0
14 13 0
15 14 0
15 10 0
16 14 0
26
13 13
0 
0 
0 
0 
0 
0 
1 
2 
2 
1 
2 
2 
5 
1 0 0
2 1 0
3 2 0
4 3 0
5 4 0
5 0 0
6 5 0
7 6 0
8 6 0
9 3 0
10 9 0
11 9 0
12 2 0
27
23 27
0 
0 
0 
0 
0 
0 
0 
0 
0 
0 
0 
0 
0 
0 
0 
0 
0 
0 
0 
0 
1 
2 
2 
1 0 0
2 1 0
3 2 0
4 3 0
5 4 0
5 0 0
6 4 0
7 6 0
8 7 0
9 8 0
10 9 0
11 10 0
12 11 0
13 12 0
14 13 0
15 14 0
15 10 0
16 15 0
16 7 0
17 16 0
17 3 0
18 17 0
19 18 0
19 14 0
20 13 0
21 20 0
22 20 0
28
17 19
0 
0 
0 
0 
0 
0 
1 
2 
2 
0 
0 
0 
0 
0 
0 
0 
3 
1 0 0
2 1 0
3 2 0
4 3 0
5 4 0
5 0 0
6 5 0
7 6 0
8 6 0
9 3 0
10 9 0
11 10 0
11 2 0
12 11 0
13 12 0
14 13 0
15 14 0
15 10 0
16 14 0
29
23 25
0 
0 
0 
0 
0 
0 
1 
2 
2 
0 
2 
0 
0 
0 
0 
0 
0 
1 
2 
2 
1 
2 
2 
1 0 0
2 1 0
3 2 0
4 3 0
5 4 0
5 0 0
6 5 0
7 6 0
8 6 0
9 3 0
10 9 0
11 9 0
12 11 0
12 2 0
13 12 0
14 13 0
15 14 0
16 15 0
16 11 0
17 15 0
18 17 0
19 17 0
20 13 0
21 20 0
22 20 0
30
23 27
0 
0 
0 
0 
0 
0 
0 
0 
0 
0 
0 
0 
0 
0 
0 
0 
0 
0 
0 
0 
1 
2 
2 
1 0 0
2 1 0
3 2 0
4 3 0
5 4 0
6 5 0
7 6 0
8 7 0
9 8 0
10 9 0
11 10 0
11 6 0
12 11 0
13 12 0
14 13 0
14 5 0
15 14 0
16 15 0
16 3 0
17 16 0
17 0 0
18 12 0
19 18 0
19 10 0
20 19 0
21 20 0
22 20 0
31
22 25
0 
0 
0 
0 
0 
0 
0 
0 
0 
0 
0 
0 
0 
0 
0 
0 
1 
2 
2 
1 
2 
2 
1 0 0
2 1 0
3 2 0
4 3 0
5 4 0
5 0 0
6 4 0
7 6 0
8 7 0
9 8 0
10 9 0
11 10 0
11 6 0
12 11 0
12 3 0
13 12 0
14 13 0
15 14 0
15 10 0
16 14 0
17 16 0
18 16 0
19 13 0
20 19 0
21 19 0
32
24 25
0 
0 
0 
0 
0 
0 
0 
0 
0 
0 
0 
0 
1 
2 
2 
1 
2 
2 
1 
2 
2 
1 
2 
2 
1 0 0
2 1 0
3 2 0
4 3 0
5 4 0
5 0 0
6 5 0
7 6 0
8 7 0
9 8 0
10 9 0
11 10 0
11 6 0
12 11 0
13 12 0
14 12 0
15 9 0
16 15 0
17 15 0
18 3 0
19 18 0
20 18 0
21 2 0
22 21 0
23 21 0
33
23 25
0 
0 
0 
0 
0 
0 
1 
0 
2 
0 
3 
3 
3 
0 
0 
0 
0 
0 
0 
0 
1 
2 
2 
1 0 0
2 1 0
3 2 0
4 3 0
5 4 0
5 0 0
6 5 0
7 6 0
8 7 0
9 7 0
10 9 0
11 9 0
12 9 0
13 3 0
14 13 0
15 14 0
15 2 0
16 15 0
17 16 0
18 17 0
19 18 0
19 14 0
20 18 0
21 20 0
22 20 0
34
13 14
0 
0 
0 
0 
0 
0 
0 
0 
0 
0 
1 
2 
2 
1 0 0
2 1 0
3 2 0
4 3 0
5 4 0
6 5 0
7 6 0
8 7 0
8 3 0
9 8 0
9 0 0
10 5 0
11 10 0
12 10 0
35
17 19
0 
0 
0 
0 
0 
0 
1 
0 
0 
0 
0 
0 
0 
0 
1 
2 
2 
1 0 0
2 1 0
3 2 0
4 3 0
5 4 0
5 0 0
6 5 0
7 3 0
8 7 0
9 8 0
9 2 0
10 9 0
11 10 0
12 11 0
13 12 0
13 8 0
14 12 0
15 14 0
16 14 0
36
14 15
0 
0 
0 
0 
0 
0 
0 
0 
0 
0 
0 
1 
2 
2 
1 0 0
2 1 0
3 2 0
4 3 0
5 4 0
6 5 0
7 6 0
8 7 0
8 3 0
9 8 0
10 9 0
10 1 0
11 10 0
12 11 0
13 11 0
37
17 18
0 
0 
0 
0 
0 
0 
0 
0 
0 
0 
0 
0 
0 
0 
1 
2 
2 
1 0 0
2 1 0
3 2 0
4 3 0
5 4 0
5 0 0
6 3 0
7 6 0
8 7 0
9 8 0
10 9 0
11 10 0
12 11 0
13 12 0
13 8 0
14 11 0
15 14 0
16 14 0
38
15 16
0 
0 
0 
0 
0 
0 
0 
0 
0 
0 
0 
0 
1 
2 
2 
1 0 0
2 1 0
3 2 0
4 3 0
5 4 0
5 0 0
6 3 0
7 6 0
8 7 0
9 8 0
10 9 0
11 10 0
11 6 0
12 9 0
13 12 0
14 12 0
39
15 16
0 
2 
0 
0 
0 
0 
0 
0 
1 
0 
0 
0 
1 
2 
2 
1 0 0
2 1 0
3 2 0
4 3 0
5 4 0
6 5 0
7 6 0
8 7 0
9 8 0
9 4 0
10 9 0
11 10 0
11 2 0
12 10 0
13 12 0
14 12 0
40
13 14
0 
0 
0 
0 
0 
0 
0 
0 
0 
0 
1 
2 
2 
1 0 0
2 1 0
3 2 0
4 3 0
5 4 0
5 0 0
6 4 0
7 6 0
8 7 0
9 8 0
9 3 0
10 9 0
11 10 0
12 10 0
41
17 19
0 
0 
0 
0 
0 
0 
1 
2 
2 
0 
0 
0 
0 
0 
0 
0 
6 
1 0 0
2 1 0
3 2 0
4 3 0
5 4 0
5 0 0
6 5 0
7 6 0
8 6 0
9 3 0
10 9 0
11 10 0
11 2 0
12 11 0
13 12 0
14 13 0
15 14 0
15 10 0
16 14 0
42
13 14
0 
1 
0 
0 
0 
0 
0 
0 
0 
1 
1 
2 
2 
1 0 0
2 1 0
3 2 0
4 3 0
5 4 0
6 5 0
7 6 0
8 7 0
8 3 0
9 8 0
9 1 0
10 5 0
11 10 0
12 10 0
43
19 22
0 
0 
0 
0 
0 
0 
0 
0 
0 
0 
0 
0 
0 
0 
0 
0 
1 
2 
2 
1 0 0
2 1 0
3 2 0
4 3 0
5 4 0
5 0 0
6 4 0
7 6 0
8 7 0
9 8 0
10 9 0
11 10 0
11 6 0
12 11 0
12 3 0
13 12 0
14 13 0
15 14 0
15 10 0
16 14 0
17 16 0
18 16 0
44
17 19
0 
0 
0 
0 
0 
0 
0 
0 
0 
0 
0 
0 
0 
0 
1 
2 
2 
1 0 0
2 1 0
3 2 0
4 3 0
5 4 0
5 0 0
6 4 0
7 6 0
8 7 0
9 8 0
9 3 0
10 9 0
11 10 0
12 11 0
13 12 0
13 8 0
14 12 0
15 14 0
16 14 0
45
12 12
0 
0 
0 
0 
0 
0 
1 
2 
2 
1 
2 
2 
1 0 0
2 1 0
3 2 0
4 3 0
5 4 0
5 0 0
6 5 0
7 6 0
8 6 0
9 2 0
10 9 0
11 9 0
46
23 27
0 
0 
0 
0 
0 
0 
0 
0 
0 
0 
0 
0 
0 
0 
0 
0 
1 
2 
2 
0 
0 
0 
0 
1 0 0
2 1 0
3 2 0
4 3 0
5 4 0
6 5 0
7 6 0
7 2 0
8 7 0
9 8 0
9 0 0
10 9 0
11 10 0
12 11 0
13 12 0
13 8 0
14 13 0
15 14 0
15 6 0
16 12 0
17 16 0
18 16 0
19 5 0
20 19 0
21 20 0
22 21 0
22 4 0
47
22 25
0 
0 
0 
0 
0 
0 
0 
0 
0 
0 
0 
0 
0 
0 
1 
2 
2 
0 
0 
1 
2 
2 
1 0 0
2 1 0
3 2 0
4 3 0
5 4 0
5 0 0
6 5 0
7 6 0
8 7 0
9 8 0
9 4 0
10 9 0
11 10 0
12 11 0
13 12 0
13 8 0
14 12 0
15 14 0
16 14 0
17 10 0
18 17 0
18 3 0
19 1 0
20 19 0
21 19 0
48
17 19
0 
0 
0 
0 
0 
0 
0 
0 
0 
0 
0 
0 
0 
0 
1 
2 
2 
1 0 0
2 1 0
3 2 0
4 3 0
5 4 0
6 5 0
7 6 0
8 7 0
9 8 0
10 9 0
10 5 0
11 10 0
12 11 0
12 3 0
13 12 0
13 0 0
14 7 0
15 14 0
16 14 0
49
20 22
0 
0 
0 
0 
0 
0 
1 
2 
2 
1 
0 
0 
0 
0 
0 
0 
1 
1 
2 
2 
1 0 0
2 1 0
3 2 0
4 3 0
5 4 0
5 0 0
6 5 0
7 6 0
8 6 0
9 3 0
10 9 0
11 10 0
12 11 0
13 12 0
14 13 0
15 14 0
15 10 0
16 15 0
16 2 0
17 12 0
18 17 0
19 17 0
50
16 17
0 
0 
0 
0 
0 
0 
0 
0 
1 
2 
2 
0 
0 
1 
2 
2 
1 0 0
2 1 0
3 2 0
4 3 0
5 4 0
6 5 0
7 6 0
7 2 0
8 7 0
9 8 0
10 8 0
11 3 0
12 11 0
12 0 0
13 11 0
14 13 0
15 13 0
51
26 30
0 
0 
0 
0 
0 
0 
0 
0 
0 
0 
0 
0 
0 
0 
0 
0 
0 
0 
0 
0 
1 
2 
2 
1 
2 
2 
1 0 0
2 1 0
3 2 0
4 3 0
5 4 0
6 5 0
7 6 0
7 2 0
8 7 0
9 8 0
9 0 0
10 9 0
11 10 0
12 11 0
13 12 0
13 8 0
14 13 0
15 14 0
15 6 0
16 15 0
17 16 0
18 17 0
19 18 0
19 14 0
20 12 0
21 20 0
22 20 0
23 3 0
24 23 0
25 23 0
52
26 30
0 
0 
0 
0 
0 
0 
0 
0 
0 
0 
0 
0 
0 
0 
0 
0 
0 
0 
0 
0 
1 
2 
2 
1 
2 
2 
1 0 0
2 1 0
3 2 0
4 3 0
5 4 0
6 5 0
7 6 0
8 7 0
9 8 0
10 9 0
10 5 0
11 10 0
11 2 0
12 11 0
13 12 0
13 0 0
14 12 0
15 14 0
15 9 0
16 15 0
17 16 0
18 17 0
19 18 0
19 14 0
20 8 0
21 20 0
22 20 0
23 6 0
24 23 0
25 23 0
53
19 21
0 
0 
0 
0 
0 
0 
1 
2 
2 
0 
0 
0 
0 
0 
0 
0 
1 
2 
2 
1 0 0
2 1 0
3 2 0
4 3 0
5 4 0
5 0 0
6 5 0
7 6 0
8 6 0
9 3 0
10 9 0
11 10 0
11 2 0
12 11 0
13 12 0
14 13 0
15 14 0
15 10 0
16 14 0
17 16 0
18 16 0
54
19 21
0 
0 
0 
0 
0 
0 
1 
2 
2 
2 
0 
0 
0 
0 
0 
0 
2 
5 
5 
1 0 0
2 1 0
3 2 0
4 3 0
5 4 0
5 0 0
6 5 0
7 6 0
8 6 0
9 3 0
10 9 0
11 10 0
12 11 0
13 12 0
14 13 0
15 14 0
15 10 0
16 15 0
16 2 0
17 13 0
18 12 0
55
14 15
0 
0 
0 
0 
0 
0 
0 
0 
0 
0 
0 
1 
2 
2 
1 0 0
2 1 0
3 2 0
4 3 0
5 4 0
6 5 0
7 6 0
7 2 0
8 7 0
9 8 0
10 9 0
10 1 0
11 10 0
12 11 0
13 11 0
56
17 19
0 
0 
0 
0 
0 
0 
1 
0 
0 
0 
0 
0 
0 
1 
1 
2 
2 
1 0 0
2 1 0
3 2 0
4 3 0
5 4 0
5 0 0
6 4 0
7 6 0
8 7 0
9 8 0
10 9 0
11 10 0
12 11 0
12 7 0
13 12 0
13 3 0
14 10 0
15 14 0
16 14 0
57
21 22
0 
0 
0 
0 
0 
0 
0 
0 
0 
0 
0 
0 
1 
2 
2 
1 
2 
2 
1 
2 
2 
1 0 0
2 1 0
3 2 0
4 3 0
5 4 0
5 0 0
6 5 0
7 6 0
8 7 0
9 8 0
10 9 0
11 10 0
11 6 0
12 11 0
13 12 0
14 12 0
15 9 0
16 15 0
17 15 0
18 2 0
19 18 0
20 18 0
58
25 29
0 
0 
0 
0 
0 
0 
0 
0 
0 
0 
0 
0 
0 
1 
2 
2 
0 
0 
0 
0 
0 
0 
0 
2 
2 
1 0 0
2 1 0
3 2 0
4 3 0
5 4 0
6 5 0
7 6 0
8 7 0
8 3 0
9 8 0
9 0 0
10 9 0
11 10 0
12 11 0
12 7 0
13 12 0
14 13 0
15 13 0
16 4 0
17 16 0
18 17 0
18 2 0
19 18 0
20 19 0
21 20 0
22 21 0
22 17 0
23 20 0
24 19 0
59
23 27
0 
0 
0 
0 
0 
0 
0 
0 
0 
0 
0 
0 
0 
0 
0 
0 
0 
0 
0 
0 
1 
2 
2 
1 0 0
2 1 0
3 2 0
4 3 0
5 4 0
5 0 0
6 4 0
7 6 0
8 7 0
9 8 0
9 3 0
10 9 0
11 10 0
12 11 0
13 12 0
13 8 0
14 12 0
15 14 0
16 15 0
17 16 0
17 11 0
18 17 0
19 18 0
19 10 0
20 18 0
21 20 0
22 20 0
60
19 20
0 
0 
0 
0 
0 
0 
0 
0 
0 
0 
1 
2 
2 
1 
2 
2 
1 
2 
2 
1 0 0
2 1 0
3 2 0
4 3 0
5 4 0
6 5 0
7 6 0
7 2 0
8 7 0
9 8 0
9 0 0
10 8 0
11 10 0
12 10 0
13 6 0
14 13 0
15 13 0
16 4 0
17 16 0
18 16 0
61
17 19
0 
0 
0 
0 
0 
0 
1 
2 
2 
0 
0 
0 
0 
0 
0 
0 
5 
1 0 0
2 1 0
3 2 0
4 3 0
5 4 0
5 0 0
6 5 0
7 6 0
8 6 0
9 3 0
10 9 0
11 10 0
11 2 0
12 11 0
13 12 0
14 13 0
15 14 0
15 10 0
16 14 0
62
11 11
0 
0 
0 
0 
0 
0 
1 
2 
2 
2 
1 
1 0 0
2 1 0
3 2 0
4 3 0
5 4 0
5 0 0
6 5 0
7 6 0
8 6 0
9 3 0
10 2 0
63
23 24
0 
0 
0 
2 
0 
0 
0 
0 
2 
1 
1 
0 
0 
0 
0 
0 
2 
1 
2 
2 
1 
2 
2 
1 0 0
2 1 0
3 2 0
4 3 0
4 0 0
5 4 0
6 5 0
7 6 0
8 7 0
9 7 0
10 9 0
11 10 0
12 11 0
13 12 0
14 13 0
15 14 0
16 15 0
16 12 0
17 15 0
18 17 0
19 17 0
20 2 0
21 20 0
22 20 0
64
20 22
0 
0 
0 
0 
0 
0 
1 
2 
2 
0 
2 
0 
0 
0 
0 
0 
0 
1 
2 
2 
1 0 0
2 1 0
3 2 0
4 3 0
5 4 0
5 0 0
6 5 0
7 6 0
8 6 0
9 3 0
10 9 0
11 9 0
12 11 0
12 2 0
13 12 0
14 13 0
15 14 0
16 15 0
16 11 0
17 15 0
18 17 0
19 17 0
65
16 17
0 
0 
0 
0 
0 
0 
0 
0 
0 
0 
1 
2 
2 
1 
2 
2 
1 0 0
2 1 0
3 2 0
4 3 0
5 4 0
5 0 0
6 4 0
7 6 0
8 7 0
9 8 0
9 3 0
10 9 0
11 10 0
12 10 0
13 7 0
14 13 0
15 13 0
66
16 17
0 
0 
0 
0 
0 
0 
1 
2 
2 
0 
0 
0 
0 
0 
0 
1 
1 0 0
2 1 0
3 2 0
4 3 0
5 4 0
5 0 0
6 4 0
7 6 0
8 6 0
9 2 0
10 9 0
11 10 0
12 11 0
13 12 0
14 13 0
14 9 0
15 12 0
67
20 23
0 
0 
0 
0 
0 
0 
0 
0 
0 
0 
0 
0 
0 
0 
0 
0 
2 
1 
2 
2 
1 0 0
2 1 0
3 2 0
4 3 0
5 4 0
5 0 0
6 4 0
7 6 0
8 7 0
9 8 0
10 9 0
11 10 0
11 6 0
12 11 0
12 3 0
13 12 0
14 13 0
15 14 0
15 10 0
16 14 0
17 13 0
18 17 0
19 17 0
68
23 27
0 
0 
0 
0 
0 
0 
0 
0 
0 
0 
0 
0 
0 
0 
0 
0 
0 
0 
0 
0 
1 
2 
2 
1 0 0
2 1 0
3 2 0
4 3 0
5 4 0
5 0 0
6 4 0
7 6 0
8 7 0
9 8 0
10 9 0
11 10 0
12 11 0
13 12 0
14 13 0
15 14 0
15 10 0
16 15 0
16 7 0
17 16 0
17 3 0
18 17 0
19 18 0
19 14 0
20 11 0
21 20 0
22 20 0
69
19 21
0 
0 
0 
0 
0 
0 
1 
2 
2 
0 
0 
0 
0 
0 
0 
0 
1 
2 
2 
1 0 0
2 1 0
3 2 0
4 3 0
5 4 0
5 0 0
6 4 0
7 6 0
8 6 0
9 3 0
10 9 0
11 10 0
12 11 0
13 12 0
14 13 0
14 9 0
15 14 0
15 2 0
16 12 0
17 16 0
18 16 0
70
14 15
0 
0 
0 
0 
0 
0 
1 
2 
2 
0 
2 
0 
2 
1 
1 0 0
2 1 0
3 2 0
4 3 0
5 4 0
5 0 0
6 5 0
7 6 0
8 6 0
9 3 0
10 9 0
11 9 0
12 11 0
13 11 0
13 2 0
71
26 30
0 
0 
0 
0 
0 
0 
0 
0 
0 
0 
0 
0 
0 
0 
0 
0 
0 
0 
0 
0 
1 
2 
2 
1 
2 
2 
1 0 0
2 1 0
3 2 0
4 3 0
5 4 0
6 5 0
7 6 0
7 2 0
8 7 0
9 8 0
9 0 0
10 9 0
11 10 0
12 11 0
13 12 0
13 8 0
14 13 0
15 14 0
15 6 0
16 15 0
17 16 0
18 17 0
19 18 0
19 14 0
20 12 0
21 20 0
22 20 0
23 5 0
24 23 0
25 23 0
72
16 18
0 
0 
0 
0 
0 
0 
0 
0 
0 
0 
0 
0 
0 
1 
2 
2 
1 0 0
2 1 0
3 2 0
4 3 0
5 4 0
5 0 0
6 4 0
7 6 0
8 7 0
8 3 0
9 8 0
10 9 0
11 10 0
12 11 0
12 7 0
13 11 0
14 13 0
15 13 0
73
16 17
0 
0 
0 
0 
0 
0 
0 
0 
0 
0 
0 
0 
1 
1 
2 
2 
1 0 0
2 1 0
3 2 0
4 3 0
5 4 0
5 0 0
6 4 0
7 6 0
8 7 0
9 8 0
10 9 0
11 10 0
11 6 0
12 10 0
13 3 0
14 13 0
15 13 0
74
23 27
0 
0 
0 
0 
0 
0 
0 
0 
0 
0 
0 
0 
0 
0 
0 
0 
0 
0 
0 
0 
1 
2 
2 
1 0 0
2 1 0
3 2 0
4 3 0
5 4 0
6 5 0
7 6 0
7 2 0
8 7 0
9 8 0
9 0 0
10 8 0
11 10 0
11 6 0
12 11 0
13 12 0
14 13 0
15 14 0
16 15 0
17 16 0
18 17 0
18 13 0
19 18 0
19 10 0
20 15 0
21 20 0
22 20 0
75
18 19
0 
0 
0 
0 
0 
0 
0 
0 
0 
0 
0 
0 
1 
2 
2 
1 
2 
2 
1 0 0
2 1 0
3 2 0
4 3 0
5 4 0
5 0 0
6 5 0
7 6 0
8 7 0
9 8 0
10 9 0
11 10 0
11 6 0
12 9 0
13 12 0
14 12 0
15 2 0
16 15 0
17 15 0
76
10 10
0 
0 
0 
0 
0 
0 
1 
2 
2 
5 
1 0 0
2 1 0
3 2 0
4 3 0
5 4 0
5 0 0
6 4 0
7 6 0
8 6 0
9 3 0
77
16 17
0 
0 
0 
0 
0 
0 
0 
0 
0 
0 
0 
0 
1 
2 
2 
1 
1 0 0
2 1 0
3 2 0
4 3 0
5 4 0
5 0 0
6 4 0
7 6 0
8 7 0
9 8 0
10 9 0
11 10 0
11 6 0
12 10 0
13 12 0
14 12 0
15 3 0
78
16 17
0 
0 
0 
0 
0 
0 
0 
0 
0 
0 
0 
0 
0 
1 
2 
2 
1 0 0
2 1 0
3 2 0
4 3 0
5 4 0
6 5 0
6 1 0
7 6 0
8 7 0
9 8 0
10 9 0
11 10 0
12 11 0
12 7 0
13 10 0
14 13 0
15 13 0
79
17 19
0 
0 
0 
0 
0 
0 
2 
0 
0 
0 
0 
0 
0 
2 
1 
2 
2 
1 0 0
2 1 0
3 2 0
4 3 0
5 4 0
5 0 0
6 4 0
7 6 0
8 7 0
9 8 0
10 9 0
11 10 0
12 11 0
12 7 0
13 12 0
13 3 0
14 10 0
15 14 0
16 14 0
80
19 22
0 
0 
0 
0 
0 
0 
0 
0 
0 
0 
0 
0 
0 
0 
0 
0 
1 
2 
2 
1 0 0
2 1 0
3 2 0
4 3 0
5 4 0
6 5 0
7 6 0
7 2 0
8 7 0
9 8 0
9 0 0
10 8 0
11 10 0
11 6 0
12 11 0
13 12 0
14 13 0
15 14 0
15 10 0
16 12 0
17 16 0
18 16 0
81
12 12
0 
0 
0 
0 
0 
0 
1 
2 
2 
1 
2 
2 
1 0 0
2 1 0
3 2 0
4 3 0
5 4 0
5 0 0
6 4 0
7 6 0
8 6 0
9 2 0
10 9 0
11 9 0
82
25 28
0 
0 
0 
0 
0 
0 
0 
0 
0 
0 
0 
0 
0 
0 
0 
0 
1 
2 
2 
1 
2 
2 
1 
2 
2 
1 0 0
2 1 0
3 2 0
4 3 0
5 4 0
5 0 0
6 4 0
7 6 0
8 7 0
9 8 0
10 9 0
11 10 0
11 6 0
12 11 0
12 3 0
13 12 0
14 13 0
15 14 0
15 10 0
16 14 0
17 16 0
18 16 0
19 13 0
20 19 0
21 19 0
22 9 0
23 22 0
24 22 0
83
16 18
0 
0 
0 
0 
1 
0 
0 
0 
0 
0 
0 
0 
0 
1 
2 
2 
1 0 0
2 1 0
3 2 0
4 3 0
5 4 0
6 5 0
7 6 0
8 7 0
9 8 0
10 9 0
10 5 0
11 10 0
11 3 0
12 11 0
12 0 0
13 7 0
14 13 0
15 13 0
84
11 11
0 
0 
0 
0 
0 
0 
0 
0 
1 
2 
2 
1 0 0
2 1 0
3 2 0
4 3 0
5 4 0
6 5 0
7 6 0
7 2 0
8 5 0
9 8 0
10 8 0
85
23 27
0 
0 
0 
0 
0 
0 
0 
0 
0 
0 
0 
0 
0 
0 
0 
0 
0 
0 
0 
0 
1 
2 
2 
1 0 0
2 1 0
3 2 0
4 3 0
5 4 0
5 0 0
6 4 0
7 6 0
8 7 0
9 8 0
10 9 0
11 10 0
12 11 0
13 12 0
13 8 0
14 13 0
15 14 0
16 15 0
16 7 0
17 16 0
17 3 0
18 17 0
19 18 0
19 15 0
20 19 0
21 20 0
22 20 0
86
23 27
0 
0 
0 
0 
0 
0 
0 
0 
0 
0 
0 
0 
0 
0 
0 
0 
0 
0 
0 
0 
1 
2 
2 
1 0 0
2 1 0
3 2 0
4 3 0
5 4 0
6 5 0
7 6 0
8 7 0
9 8 0
10 9 0
11 10 0
11 6 0
12 11 0
13 12 0
14 13 0
14 5 0
15 14 0
16 15 0
16 3 0
17 16 0
17 0 0
18 12 0
19 18 0
19 10 0
20 18 0
21 20 0
22 20 0
87
16 18
0 
0 
0 
0 
0 
0 
0 
0 
0 
0 
0 
0 
2 
1 
2 
2 
1 0 0
2 1 0
3 2 0
4 3 0
5 4 0
5 0 0
6 4 0
7 6 0
8 7 0
9 8 0
10 9 0
11 10 0
11 6 0
12 11 0
12 3 0
13 8 0
14 13 0
15 13 0
88
12 12
0 
0 
2 
0 
0 
0 
0 
0 
0 
1 
2 
2 
1 0 0
2 1 0
3 1 0
4 3 0
5 4 0
6 5 0
7 6 0
8 7 0
8 3 0
9 6 0
10 9 0
11 9 0
89
13 14
0 
1 
0 
0 
0 
0 
0 
0 
1 
2 
2 
0 
1 
1 0 0
2 1 0
3 2 0
4 3 0
5 4 0
6 5 0
7 6 0
7 2 0
8 7 0
9 8 0
10 8 0
11 3 0
12 11 0
12 1 0
90
23 27
0 
0 
0 
0 
0 
0 
0 
0 
0 
0 
0 
0 
0 
0 
0 
0 
0 
0 
0 
0 
1 
2 
2 
1 0 0
2 1 0
3 2 0
4 3 0
5 4 0
5 0 0
6 4 0
7 6 0
8 7 0
9 8 0
10 9 0
11 10 0
11 6 0
12 11 0
13 12 0
13 3 0
14 13 0
15 14 0
16 15 0
17 16 0
17 12 0
18 17 0
19 18 0
19 10 0
20 14 0
21 20 0
22 20 0
91
25 29
0 
0 
0 
0 
0 
0 
0 
0 
0 
0 
0 
0 
0 
0 
0 
0 
1 
2 
2 
0 
0 
0 
0 
2 
2 
1 0 0
2 1 0
3 2 0
4 3 0
5 4 0
6 5 0
7 6 0
7 2 0
8 7 0
9 8 0
9 0 0
10 9 0
11 10 0
12 11 0
13 12 0
13 8 0
14 13 0
15 14 0
15 6 0
16 12 0
17 16 0
18 16 0
19 4 0
20 19 0
21 20 0
22 21 0
22 3 0
23 20 0
24 19 0
92
19 22
0 
0 
0 
0 
0 
0 
0 
0 
0 
0 
0 
0 
0 
0 
1 
2 
2 
0 
0 
1 0 0
2 1 0
3 2 0
4 3 0
5 4 0
5 0 0
6 4 0
7 6 0
8 7 0
9 8 0
9 3 0
10 9 0
11 10 0
12 11 0
13 12 0
13 8 0
14 12 0
15 14 0
16 14 0
17 10 0
18 17 0
18 2 0
93
23 27
0 
0 
0 
0 
0 
0 
0 
0 
0 
0 
0 
0 
0 
0 
0 
0 
0 
0 
0 
0 
1 
2 
2 
1 0 0
2 1 0
3 2 0
4 3 0
5 4 0
5 0 0
6 4 0
7 6 0
8 7 0
9 8 0
10 9 0
11 10 0
11 6 0
12 11 0
13 12 0
13 3 0
14 13 0
15 14 0
16 15 0
17 16 0
17 12 0
18 17 0
19 18 0
19 10 0
20 16 0
21 20 0
22 20 0
94
19 22
0 
0 
0 
0 
0 
0 
0 
0 
0 
0 
0 
0 
0 
0 
0 
0 
1 
2 
2 
1 0 0
2 1 0
3 2 0
4 3 0
5 4 0
6 5 0
7 6 0
8 7 0
9 8 0
10 9 0
10 5 0
11 10 0
11 2 0
12 11 0
13 12 0
13 0 0
14 12 0
15 14 0
15 9 0
16 15 0
17 16 0
18 16 0
95
19 20
0 
0 
0 
0 
0 
0 
0 
0 
0 
0 
1 
2 
2 
1 
2 
2 
1 
2 
2 
1 0 0
2 1 0
3 2 0
4 3 0
5 4 0
6 5 0
7 6 0
7 2 0
8 7 0
9 8 0
9 0 0
10 8 0
11 10 0
12 10 0
13 5 0
14 13 0
15 13 0
16 4 0
17 16 0
18 16 0
96
25 28
0 
0 
0 
0 
0 
0 
0 
0 
0 
0 
0 
0 
0 
0 
0 
0 
1 
2 
2 
1 
2 
2 
1 
2 
2 
1 0 0
2 1 0
3 2 0
4 3 0
5 4 0
6 5 0
7 6 0
7 2 0
8 7 0
9 8 0
9 0 0
10 9 0
11 10 0
12 11 0
13 12 0
13 8 0
14 13 0
15 14 0
15 6 0
16 12 0
17 16 0
18 16 0
19 5 0
20 19 0
21 19 0
22 3 0
23 22 0
24 22 0
97
18 20
0 
2 
0 
0 
0 
0 
0 
0 
0 
0 
0 
0 
0 
0 
0 
1 
2 
2 
1 0 0
2 1 0
3 2 0
4 3 0
5 4 0
6 5 0
7 6 0
7 2 0
8 6 0
9 8 0
10 9 0
10 5 0
11 10 0
12 11 0
13 12 0
14 13 0
14 9 0
15 13 0
16 15 0
17 15 0
98
13 14
0 
0 
0 
0 
1 
0 
0 
0 
0 
0 
1 
2 
2 
1 0 0
2 1 0
3 2 0
4 3 0
5 4 0
6 5 0
7 6 0
7 2 0
8 7 0
9 8 0
9 0 0
10 8 0
11 10 0
12 10 0
99
15 17
0 
0 
0 
0 
0 
0 
0 
0 
0 
0 
0 
0 
1 
2 
2 
1 0 0
2 1 0
3 2 0
4 3 0
5 4 0
6 5 0
7 6 0
7 2 0
8 7 0
9 8 0
9 0 0
10 8 0
11 10 0
11 6 0
12 11 0
13 12 0
14 12 0
100
16 17
0 
0 
0 
0 
0 
0 
1 
0 
0 
0 
0 
0 
0 
1 
2 
2 
1 0 0
2 1 0
3 2 0
4 3 0
5 4 0
5 0 0
6 4 0
7 2 0
8 7 0
9 8 0
10 9 0
11 10 0
12 11 0
12 7 0
13 11 0
14 13 0
15 13 0
101
23 27
0 
0 
0 
0 
0 
0 
0 
0 
0 
0 
0 
0 
0 
0 
0 
0 
0 
0 
0 
0 
1 
2 
2 
1 0 0
2 1 0
3 2 0
4 3 0
5 4 0
6 5 0
7 6 0
8 7 0
9 8 0
10 9 0
10 5 0
11 10 0
11 2 0
12 11 0
13 12 0
13 0 0
14 12 0
15 14 0
15 9 0
16 15 0
17 16 0
18 17 0
19 18 0
19 14 0
20 6 0
21 20 0
22 20 0
102
26 28
0 
0 
0 
0 
0 
0 
0 
2 
0 
0 
0 
0 
0 
0 
1 
2 
2 
1 
2 
2 
1 
2 
2 
1 
2 
2 
1 0 0
2 1 0
3 2 0
4 3 0
5 4 0
5 0 0
6 5 0
7 6 0
8 6 0
9 8 0
9 4 0
10 9 0
11 10 0
12 11 0
13 12 0
13 8 0
14 12 0
15 14 0
16 14 0
17 10 0
18 17 0
19 17 0
20 3 0
21 20 0
22 20 0
23 1 0
24 23 0
25 23 0
103
19 22
0 
0 
0 
0 
0 
0 
0 
0 
0 
0 
0 
0 
0 
0 
0 
0 
1 
2 
2 
1 0 0
2 1 0
3 2 0
4 3 0
5 4 0
6 5 0
7 6 0
8 7 0
9 8 0
10 9 0
10 5 0
11 10 0
11 2 0
12 11 0
13 12 0
13 0 0
14 12 0
15 14 0
15 9 0
16 7 0
17 16 0
18 16 0
104
23 27
0 
0 
0 
0 
0 
0 
0 
0 
0 
0 
0 
0 
0 
0 
0 
0 
0 
0 
0 
0 
1 
2 
2 
1 0 0
2 1 0
3 2 0
4 3 0
5 4 0
6 5 0
7 6 0
8 7 0
9 8 0
10 9 0
10 5 0
11 10 0
11 2 0
12 11 0
13 12 0
13 0 0
14 12 0
15 14 0
15 9 0
16 15 0
17 16 0
18 17 0
19 18 0
19 14 0
20 8 0
21 20 0
22 20 0
105
17 19
0 
0 
0 
0 
0 
0 
0 
0 
0 
1 
0 
0 
1 
0 
1 
2 
2 
1 0 0
2 1 0
3 2 0
4 3 0
5 4 0
6 5 0
7 6 0
8 7 0
9 8 0
10 9 0
10 5 0
11 10 0
11 2 0
12 11 0
13 12 0
13 0 0
14 4 0
15 14 0
16 14 0
106
20 23
0 
0 
0 
0 
0 
0 
0 
0 
0 
0 
0 
0 
0 
0 
0 
0 
2 
1 
2 
2 
1 0 0
2 1 0
3 2 0
4 3 0
5 4 0
6 5 0
7 6 0
8 7 0
9 8 0
10 9 0
10 5 0
11 10 0
11 2 0
12 11 0
13 12 0
13 0 0
14 12 0
15 14 0
15 9 0
16 15 0
17 8 0
18 17 0
19 17 0
107
25 28
0 
0 
0 
0 
0 
0 
0 
0 
0 
0 
0 
0 
0 
0 
0 
0 
1 
2 
2 
1 
2 
2 
1 
2 
2 
1 0 0
2 1 0
3 2 0
4 3 0
5 4 0
5 0 0
6 4 0
7 6 0
8 7 0
9 8 0
10 9 0
11 10 0
11 6 0
12 11 0
12 3 0
13 12 0
14 13 0
15 14 0
15 10 0
16 15 0
17 16 0
18 16 0
19 14 0
20 19 0
21 19 0
22 8 0
23 22 0
24 22 0
108
19 22
0 
0 
0 
0 
0 
0 
0 
0 
0 
0 
0 
0 
0 
0 
0 
0 
1 
2 
2 
1 0 0
2 1 0
3 2 0
4 3 0
5 4 0
5 0 0
6 4 0
7 6 0
8 7 0
9 8 0
10 9 0
11 10 0
11 6 0
12 11 0
12 3 0
13 12 0
14 13 0
15 14 0
15 10 0
16 15 0
17 16 0
18 16 0
109
28 33
0 
0 
0 
0 
0 
0 
0 
0 
0 
0 
0 
0 
0 
0 
0 
0 
0 
0 
0 
0 
0 
0 
1 
2 
2 
1 
2 
2 
1 0 0
2 1 0
3 2 0
4 3 0
5 4 0
6 5 0
7 6 0
8 7 0
9 8 0
10 9 0
10 5 0
11 10 0
11 2 0
12 11 0
13 12 0
13 0 0
14 13 0
15 14 0
16 15 0
17 16 0
17 12 0
18 17 0
18 9 0
19 18 0
20 19 0
21 20 0
21 16 0
22 21 0
23 22 0
24 22 0
25 6 0
26 25 0
27 25 0
110
24 25
0 
0 
0 
0 
0 
0 
1 
2 
2 
0 
0 
0 
0 
0 
0 
1 
2 
2 
1 
2 
2 
1 
2 
2 
1 0 0
2 1 0
3 2 0
4 3 0
5 4 0
5 0 0
6 4 0
7 6 0
8 6 0
9 3 0
10 9 0
11 10 0
12 11 0
13 12 0
14 13 0
14 9 0
15 14 0
16 15 0
17 15 0
18 12 0
19 18 0
20 18 0
21 2 0
22 21 0
23 21 0
111
11 11
0 
0 
0 
0 
0 
0 
0 
2 
1 
2 
2 
1 0 0
2 1 0
3 2 0
4 3 0
5 4 0
5 0 0
6 5 0
7 6 0
8 2 0
9 8 0
10 8 0
112
15 17
0 
0 
0 
0 
0 
0 
0 
0 
0 
0 
0 
0 
1 
2 
2 
1 0 0
2 1 0
3 2 0
4 3 0
5 4 0
6 5 0
7 6 0
7 2 0
8 7 0
9 8 0
9 0 0
10 8 0
11 10 0
11 6 0
12 5 0
13 12 0
14 12 0
113
13 13
0 
0 
0 
0 
0 
0 
1 
2 
2 
1 
2 
2 
1 
1 0 0
2 1 0
3 2 0
4 3 0
5 4 0
5 0 0
6 5 0
7 6 0
8 6 0
9 3 0
10 9 0
11 9 0
12 2 0
114
16 17
0 
0 
0 
0 
0 
0 
0 
0 
0 
0 
0 
0 
1 
2 
2 
1 
1 0 0
2 1 0
3 2 0
4 3 0
5 4 0
5 0 0
6 4 0
7 6 0
8 7 0
9 8 0
10 9 0
11 10 0
11 6 0
12 9 0
13 12 0
14 12 0
15 3 0
115
12 13
0 
0 
0 
0 
0 
0 
1 
2 
2 
0 
0 
0 
1 0 0
2 1 0
3 2 0
4 3 0
5 4 0
5 0 0
6 5 0
7 6 0
8 6 0
9 3 0
10 9 0
11 10 0
11 2 0
116
10 10
0 
0 
0 
0 
0 
0 
1 
2 
2 
3 
1 0 0
2 1 0
3 2 0
4 3 0
5 4 0
5 0 0
6 5 0
7 6 0
8 6 0
9 2 0
117
21 22
0 
0 
0 
0 
0 
0 
1 
2 
2 
0 
0 
0 
0 
0 
0 
1 
2 
2 
1 
2 
2 
1 0 0
2 1 0
3 2 0
4 3 0
5 4 0
5 0 0
6 4 0
7 6 0
8 6 0
9 2 0
10 9 0
11 10 0
12 11 0
13 12 0
14 13 0
14 9 0
15 14 0
16 15 0
17 15 0
18 12 0
19 18 0
20 18 0
118
23 27
0 
0 
0 
0 
0 
0 
0 
0 
0 
0 
0 
0 
0 
0 
0 
0 
1 
2 
2 
0 
0 
0 
0 
1 0 0
2 1 0
3 2 0
4 3 0
5 4 0
6 5 0
7 6 0
7 2 0
8 7 0
9 8 0
9 0 0
10 9 0
11 10 0
12 11 0
13 12 0
13 8 0
14 13 0
15 14 0
15 6 0
16 12 0
17 16 0
18 16 0
19 4 0
20 19 0
21 20 0
22 21 0
22 3 0
119
21 22
0 
0 
0 
0 
0 
0 
0 
0 
0 
0 
0 
0 
1 
2 
2 
1 
2 
2 
1 
2 
2 
1 0 0
2 1 0
3 2 0
4 3 0
5 4 0
5 0 0
6 4 0
7 6 0
8 7 0
9 8 0
10 9 0
11 10 0
11 6 0
12 11 0
13 12 0
14 12 0
15 9 0
16 15 0
17 15 0
18 3 0
19 18 0
20 18 0
120
13 14
0 
1 
0 
0 
0 
0 
0 
0 
0 
1 
1 
2 
2 
1 0 0
2 1 0
3 2 0
4 3 0
5 4 0
6 5 0
7 6 0
7 2 0
8 7 0
9 8 0
9 1 0
10 5 0
11 10 0
12 10 0
121
25 28
0 
0 
0 
0 
0 
0 
0 
0 
0 
0 
0 
0 
0 
0 
0 
0 
1 
2 
2 
1 
2 
2 
1 
2 
2 
1 0 0
2 1 0
3 2 0
4 3 0
5 4 0
5 0 0
6 4 0
7 6 0
8 7 0
9 8 0
10 9 0
11 10 0
11 6 0
12 11 0
12 3 0
13 12 0
14 13 0
15 14 0
15 10 0
16 14 0
17 16 0
18 16 0
19 13 0
20 19 0
21 19 0
22 8 0
23 22 0
24 22 0
122
21 24
0 
0 
0 
0 
0 
0 
0 
0 
0 
0 
0 
0 
0 
0 
0 
0 
0 
0 
1 
2 
2 
1 0 0
2 1 0
3 2 0
4 3 0
5 4 0
5 0 0
6 4 0
7 6 0
8 7 0
9 8 0
9 3 0
10 9 0
11 10 0
12 11 0
13 12 0
13 8 0
14 13 0
15 14 0
16 15 0
17 16 0
17 12 0
18 11 0
19 18 0
20 18 0
123
17 18
0 
0 
0 
0 
0 
0 
0 
0 
0 
0 
0 
0 
0 
0 
1 
2 
2 
1 0 0
2 1 0
3 2 0
4 3 0
5 4 0
6 5 0
6 1 0
7 6 0
8 7 0
9 8 0
10 9 0
11 10 0
12 11 0
12 7 0
13 11 0
14 10 0
15 14 0
16 14 0
124
11 11
0 
0 
0 
0 
0 
0 
3 
3 
1 
2 
2 
1 0 0
2 1 0
3 2 0
4 3 0
5 4 0
5 0 0
6 5 0
7 3 0
8 2 0
9 8 0
10 8 0
125
19 22
0 
0 
0 
0 
0 
0 
0 
0 
0 
0 
0 
0 
0 
0 
0 
0 
1 
2 
2 
1 0 0
2 1 0
3 2 0
4 3 0
5 4 0
6 5 0
7 6 0
8 7 0
9 8 0
10 9 0
10 5 0
11 10 0
11 2 0
12 11 0
13 12 0
13 0 0
14 12 0
15 14 0
15 9 0
16 7 0
17 16 0
18 16 0
126
20 22
0 
0 
0 
0 
0 
0 
1 
2 
2 
1 
0 
0 
0 
0 
0 
0 
1 
1 
2 
2 
1 0 0
2 1 0
3 2 0
4 3 0
5 4 0
5 0 0
6 4 0
7 6 0
8 6 0
9 3 0
10 9 0
11 10 0
12 11 0
13 12 0
14 13 0
15 14 0
15 10 0
16 15 0
16 2 0
17 13 0
18 17 0
19 17 0
127
21 22
0 
0 
0 
0 
0 
0 
1 
2 
2 
0 
0 
0 
0 
0 
0 
1 
2 
2 
1 
2 
2 
1 0 0
2 1 0
3 2 0
4 3 0
5 4 0
5 0 0
6 4 0
7 6 0
8 6 0
9 2 0
10 9 0
11 10 0
12 11 0
13 12 0
14 13 0
14 9 0
15 13 0
16 15 0
17 15 0
18 12 0
19 18 0
20 18 0
128
15 17
0 
0 
0 
0 
0 
0 
0 
0 
0 
0 
1 
2 
2 
0 
0 
1 0 0
2 1 0
3 2 0
4 3 0
5 4 0
6 5 0
7 6 0
8 7 0
8 3 0
9 8 0
9 0 0
10 7 0
11 10 0
12 10 0
13 4 0
14 13 0
14 2 0
129
14 14
0 
0 
0 
0 
0 
0 
1 
2 
2 
1 
2 
2 
1 
1 
1 0 0
2 1 0
3 2 0
4 3 0
5 4 0
5 0 0
6 5 0
7 6 0
8 6 0
9 3 0
10 9 0
11 9 0
12 2 0
13 12 0
130
11 11
0 
2 
0 
0 
0 
0 
0 
0 
1 
2 
2 
1 0 0
2 1 0
3 2 0
4 3 0
5 4 0
6 5 0
7 6 0
7 2 0
8 7 0
9 8 0
10 8 0
131
19 20
0 
0 
0 
0 
0 
0 
0 
0 
0 
2 
0 
0 
0 
0 
0 
0 
1 
2 
2 
1 0 0
2 1 0
3 2 0
4 3 0
5 4 0
5 0 0
6 3 0
7 6 0
8 7 0
9 8 0
10 8 0
11 10 0
12 11 0
13 12 0
14 13 0
15 14 0
15 10 0
16 13 0
17 16 0
18 16 0
132
11 11
0 
0 
0 
0 
0 
0 
0 
2 
1 
2 
2 
1 0 0
2 1 0
3 2 0
4 3 0
5 4 0
5 0 0
6 4 0
7 6 0
8 3 0
9 8 0
10 8 0
133
21 23
0 
0 
0 
0 
0 
0 
5 
5 
2 
0 
0 
0 
0 
0 
0 
5 
1 
2 
2 
5 
2 
1 0 0
2 1 0
3 2 0
4 3 0
5 4 0
5 0 0
6 5 0
7 4 0
8 2 0
9 8 0
10 9 0
11 10 0
12 11 0
13 12 0
14 13 0
14 9 0
15 14 0
16 13 0
17 16 0
18 16 0
19 12 0
20 10 0
20 1 0
134
22 25
0 
0 
0 
0 
0 
0 
0 
0 
0 
0 
0 
0 
0 
0 
0 
0 
1 
2 
2 
1 
2 
2 
1 0 0
2 1 0
3 2 0
4 3 0
5 4 0
6 5 0
7 6 0
7 2 0
8 7 0
9 8 0
9 0 0
10 9 0
11 10 0
12 11 0
13 12 0
13 8 0
14 13 0
15 14 0
15 6 0
16 11 0
17 16 0
18 16 0
19 4 0
20 19 0
21 19 0
135
11 11
0 
0 
0 
0 
0 
0 
1 
2 
2 
5 
3 
1 0 0
2 1 0
3 2 0
4 3 0
5 4 0
5 0 0
6 5 0
7 6 0
8 6 0
9 3 0
10 2 0
136
20 23
0 
0 
0 
0 
0 
0 
0 
0 
0 
0 
0 
0 
0 
0 
0 
0 
2 
1 
2 
2 
1 0 0
2 1 0
3 2 0
4 3 0
5 4 0
6 5 0
7 6 0
8 7 0
9 8 0
10 9 0
10 5 0
11 10 0
11 2 0
12 11 0
13 12 0
13 0 0
14 12 0
15 14 0
15 9 0
16 8 0
17 6 0
18 17 0
19 17 0
137
22 25
0 
0 
0 
0 
0 
0 
0 
0 
0 
0 
0 
0 
0 
0 
0 
0 
1 
2 
2 
1 
2 
2 
1 0 0
2 1 0
3 2 0
4 3 0
5 4 0
5 0 0
6 4 0
7 6 0
8 7 0
9 8 0
10 9 0
11 10 0
11 6 0
12 11 0
12 3 0
13 12 0
14 13 0
15 14 0
15 10 0
16 15 0
17 16 0
18 16 0
19 14 0
20 19 0
21 19 0
138
13 14
0 
1 
1 
0 
0 
0 
0 
0 
0 
0 
1 
2 
2 
1 0 0
2 1 0
3 2 0
4 3 0
5 4 0
6 5 0
7 6 0
8 7 0
8 3 0
9 8 0
9 1 0
10 5 0
11 10 0
12 10 0
139
11 11
0 
0 
0 
0 
0 
0 
5 
1 
2 
2 
1 
1 0 0
2 1 0
3 2 0
4 3 0
5 4 0
5 0 0
6 5 0
7 3 0
8 7 0
9 7 0
10 2 0
140
16 17
0 
0 
0 
0 
0 
0 
0 
0 
0 
0 
1 
2 
2 
1 
2 
2 
1 0 0
2 1 0
3 2 0
4 3 0
5 4 0
6 5 0
7 6 0
7 2 0
8 7 0
9 8 0
9 0 0
10 8 0
11 10 0
12 10 0
13 6 0
14 13 0
15 13 0
141
11 11
0 
0 
0 
0 
0 
0 
5 
5 
1 
2 
2 
1 0 0
2 1 0
3 2 0
4 3 0
5 4 0
5 0 0
6 4 0
7 3 0
8 2 0
9 8 0
10 8 0
142
20 22
0 
0 
0 
0 
0 
0 
2 
0 
0 
0 
0 
0 
0 
2 
5 
5 
5 
1 
2 
2 
1 0 0
2 1 0
3 2 0
4 3 0
5 4 0
5 0 0
6 5 0
7 6 0
8 7 0
9 8 0
10 9 0
11 10 0
12 11 0
12 7 0
13 12 0
13 4 0
14 10 0
15 9 0
16 2 0
17 1 0
18 17 0
19 17 0
143
12 12
0 
0 
2 
0 
0 
0 
0 
0 
0 
1 
2 
2 
1 0 0
2 1 0
3 2 0
4 3 0
5 4 0
6 5 0
7 6 0
8 7 0
8 3 0
9 8 0
10 9 0
11 9 0
144
11 11
0 
0 
0 
0 
0 
0 
5 
1 
2 
2 
5 
1 0 0
2 1 0
3 2 0
4 3 0
5 4 0
5 0 0
6 5 0
7 3 0
8 7 0
9 7 0
10 2 0
145
16 17
0 
0 
0 
0 
0 
0 
1 
0 
0 
0 
0 
0 
0 
1 
2 
2 
1 0 0
2 1 0
3 2 0
4 3 0
5 4 0
5 0 0
6 4 0
7 2 0
8 7 0
9 8 0
10 9 0
11 10 0
12 11 0
12 7 0
13 10 0
14 13 0
15 13 0
146
16 17
0 
0 
0 
0 
0 
0 
0 
0 
0 
0 
0 
0 
1 
2 
2 
1 
1 0 0
2 1 0
3 2 0
4 3 0
5 4 0
5 0 0
6 5 0
7 6 0
8 7 0
9 8 0
10 9 0
11 10 0
11 6 0
12 9 0
13 12 0
14 12 0
15 2 0
147
13 14
0 
0 
1 
0 
0 
0 
0 
0 
0 
1 
1 
2 
2 
1 0 0
2 1 0
3 2 0
4 3 0
5 4 0
6 5 0
7 6 0
8 7 0
8 3 0
9 8 0
9 1 0
10 5 0
11 10 0
12 10 0
148
15 17
0 
0 
0 
0 
0 
0 
0 
0 
0 
0 
0 
0 
1 
2 
2 
1 0 0
2 1 0
3 2 0
4 3 0
5 4 0
6 5 0
7 6 0
7 2 0
8 7 0
9 8 0
9 0 0
10 8 0
11 10 0
11 6 0
12 5 0
13 12 0
14 12 0
149
20 22
0 
0 
0 
0 
0 
0 
1 
2 
2 
1 
0 
0 
0 
0 
0 
0 
1 
1 
2 
2 
1 0 0
2 1 0
3 2 0
4 3 0
5 4 0
5 0 0
6 5 0
7 6 0
8 6 0
9 3 0
10 9 0
11 10 0
12 11 0
13 12 0
14 13 0
15 14 0
15 10 0
16 15 0
16 2 0
17 13 0
18 17 0
19 17 0
150
12 12
0 
0 
1 
0 
0 
1 
0 
0 
2 
1 
2 
2 
1 0 0
2 1 0
3 2 0
4 3 0
5 4 0
5 1 0
6 5 0
7 6 0
8 7 0
9 4 0
10 9 0
11 9 0
151
12 13
0 
0 
0 
0 
1 
1 
0 
0 
0 
1 
2 
2 
1 0 0
2 1 0
3 2 0
4 3 0
5 4 0
6 5 0
6 2 0
7 6 0
8 7 0
8 0 0
9 7 0
10 9 0
11 9 0
152
22 25
0 
0 
0 
0 
0 
0 
0 
0 
0 
0 
0 
0 
0 
0 
0 
0 
1 
2 
2 
1 
2 
2 
1 0 0
2 1 0
3 2 0
4 3 0
5 4 0
5 0 0
6 4 0
7 6 0
8 7 0
9 8 0
10 9 0
11 10 0
11 6 0
12 11 0
12 3 0
13 12 0
14 13 0
15 14 0
15 10 0
16 14 0
17 16 0
18 16 0
19 8 0
20 19 0
21 19 0
153
15 17
0 
0 
0 
0 
0 
0 
0 
0 
0 
0 
1 
2 
2 
0 
0 
1 0 0
2 1 0
3 2 0
4 3 0
5 4 0
6 5 0
7 6 0
8 7 0
8 3 0
9 8 0
9 0 0
10 7 0
11 10 0
12 10 0
13 4 0
14 13 0
14 2 0
154
12 13
0 
0 
0 
0 
1 
0 
1 
1 
2 
2 
0 
0 
1 0 0
2 1 0
3 2 0
4 3 0
5 4 0
6 5 0
6 2 0
7 5 0
8 7 0
9 7 0
10 3 0
11 10 0
11 0 0
155
14 14
0 
2 
0 
0 
0 
0 
0 
0 
1 
2 
2 
1 
2 
2 
1 0 0
2 1 0
3 2 0
4 3 0
5 4 0
6 5 0
7 6 0
7 2 0
8 7 0
9 8 0
10 8 0
11 5 0
12 11 0
13 11 0
156
12 13
0 
0 
0 
0 
0 
0 
1 
2 
2 
1 
0 
0 
1 0 0
2 1 0
3 2 0
4 3 0
5 4 0
5 0 0
6 5 0
7 6 0
8 6 0
9 3 0
10 9 0
11 10 0
11 2 0
157
20 23
0 
0 
0 
0 
0 
0 
0 
0 
0 
0 
0 
0 
0 
0 
0 
0 
2 
1 
2 
2 
1 0 0
2 1 0
3 2 0
4 3 0
5 4 0
6 5 0
7 6 0
7 2 0
8 7 0
9 8 0
9 0 0
10 9 0
11 10 0
12 11 0
13 12 0
13 8 0
14 13 0
15 14 0
15 6 0
16 12 0
17 3 0
18 17 0
19 17 0
158
20 22
0 
0 
2 
1 
0 
0 
0 
0 
0 
0 
0 
0 
0 
0 
0 
0 
0 
1 
2 
2 
1 0 0
2 1 0
3 1 0
4 3 0
5 4 0
6 5 0
7 6 0
8 7 0
9 8 0
9 4 0
10 8 0
11 10 0
12 11 0
12 7 0
13 12 0
14 13 0
15 14 0
16 15 0
16 11 0
17 15 0
18 17 0
19 17 0
159
20 23
0 
0 
0 
0 
0 
0 
0 
0 
0 
0 
0 
0 
0 
0 
0 
0 
1 
2 
2 
2 
1 0 0
2 1 0
3 2 0
4 3 0
5 4 0
6 5 0
7 6 0
7 2 0
8 7 0
9 8 0
9 0 0
10 9 0
11 10 0
12 11 0
13 12 0
13 8 0
14 13 0
15 14 0
15 6 0
16 12 0
17 16 0
18 16 0
19 5 0
160
14 14
0 
0 
0 
0 
0 
0 
1 
2 
2 
1 
6 
1 
2 
2 
1 0 0
2 1 0
3 2 0
4 3 0
5 4 0
5 0 0
6 5 0
7 6 0
8 6 0
9 4 0
10 3 0
11 1 0
12 11 0
13 11 0
161
26 30
0 
0 
0 
0 
0 
0 
0 
0 
0 
0 
0 
0 
0 
0 
0 
0 
0 
0 
0 
0 
1 
2 
2 
1 
2 
2 
1 0 0
2 1 0
3 2 0
4 3 0
5 4 0
5 0 0
6 4 0
7 6 0
8 7 0
9 8 0
10 9 0
11 10 0
11 6 0
12 11 0
13 12 0
13 3 0
14 13 0
15 14 0
16 15 0
17 16 0
17 12 0
18 17 0
19 18 0
19 10 0
20 14 0
21 20 0
22 20 0
23 9 0
24 23 0
25 23 0
162
24 25
0 
0 
0 
0 
0 
0 
0 
0 
0 
0 
0 
0 
1 
2 
2 
1 
2 
2 
1 
2 
2 
1 
2 
2 
1 0 0
2 1 0
3 2 0
4 3 0
5 4 0
5 0 0
6 5 0
7 6 0
8 7 0
9 8 0
10 9 0
11 10 0
11 6 0
12 10 0
13 12 0
14 12 0
15 9 0
16 15 0
17 15 0
18 3 0
19 18 0
20 18 0
21 2 0
22 21 0
23 21 0
163
22 25
0 
0 
0 
0 
0 
0 
0 
0 
0 
0 
0 
0 
0 
0 
0 
0 
1 
2 
2 
1 
2 
2 
1 0 0
2 1 0
3 2 0
4 3 0
5 4 0
6 5 0
7 6 0
7 2 0
8 7 0
9 8 0
9 0 0
10 9 0
11 10 0
12 11 0
13 12 0
13 8 0
14 13 0
15 14 0
15 6 0
16 11 0
17 16 0
18 16 0
19 4 0
20 19 0
21 19 0
164
22 25
0 
0 
0 
0 
0 
0 
0 
0 
0 
0 
0 
0 
0 
0 
0 
0 
1 
2 
2 
1 
2 
2 
1 0 0
2 1 0
3 2 0
4 3 0
5 4 0
6 5 0
7 6 0
8 7 0
9 8 0
10 9 0
10 5 0
11 10 0
11 2 0
12 11 0
13 12 0
13 0 0
14 12 0
15 14 0
15 9 0
16 8 0
17 16 0
18 16 0
19 6 0
20 19 0
21 19 0
165
19 22
0 
0 
0 
0 
0 
0 
0 
0 
0 
0 
0 
0 
0 
0 
0 
0 
1 
2 
2 
1 0 0
2 1 0
3 2 0
4 3 0
5 4 0
6 5 0
7 6 0
7 2 0
8 7 0
9 8 0
9 0 0
10 8 0
11 10 0
11 6 0
12 11 0
13 12 0
14 13 0
15 14 0
15 10 0
16 13 0
17 16 0
18 16 0
166
23 26
0 
0 
2 
2 
0 
0 
0 
0 
0 
0 
0 
0 
0 
0 
0 
0 
0 
0 
0 
0 
1 
2 
2 
1 0 0
2 1 0
3 1 0
4 3 0
5 4 0
6 5 0
7 6 0
8 7 0
9 8 0
10 9 0
11 10 0
12 11 0
13 12 0
14 13 0
15 14 0
15 10 0
16 15 0
16 7 0
17 16 0
17 4 0
18 17 0
19 18 0
19 14 0
20 6 0
21 20 0
22 20 0
167
22 25
0 
0 
0 
0 
0 
0 
0 
0 
0 
0 
0 
0 
0 
0 
0 
0 
1 
2 
2 
1 
2 
2 
1 0 0
2 1 0
3 2 0
4 3 0
5 4 0
6 5 0
7 6 0
7 2 0
8 7 0
9 8 0
9 0 0
10 9 0
11 10 0
12 11 0
13 12 0
13 8 0
14 13 0
15 14 0
15 6 0
16 12 0
17 16 0
18 16 0
19 3 0
20 19 0
21 19 0
168
11 11
0 
2 
0 
0 
0 
0 
0 
0 
1 
2 
2 
1 0 0
2 1 0
3 2 0
4 3 0
5 4 0
6 5 0
7 6 0
7 2 0
8 5 0
9 8 0
10 8 0
169
13 13
0 
0 
0 
0 
0 
0 
1 
2 
2 
1 
2 
2 
3 
1 0 0
2 1 0
3 2 0
4 3 0
5 4 0
5 0 0
6 5 0
7 6 0
8 6 0
9 3 0
10 9 0
11 9 0
12 2 0
170
17 19
0 
0 
0 
0 
0 
0 
1 
0 
0 
0 
0 
0 
0 
1 
1 
2 
2 
1 0 0
2 1 0
3 2 0
4 3 0
5 4 0
5 0 0
6 4 0
7 6 0
8 7 0
9 8 0
10 9 0
11 10 0
12 11 0
12 7 0
13 12 0
13 3 0
14 11 0
15 14 0
16 14 0
171
24 25
0 
0 
0 
0 
0 
0 
1 
2 
2 
1 
2 
2 
0 
0 
0 
0 
0 
0 
1 
2 
2 
1 
2 
2 
1 0 0
2 1 0
3 2 0
4 3 0
5 4 0
5 0 0
6 5 0
7 6 0
8 6 0
9 3 0
10 9 0
11 9 0
12 2 0
13 12 0
14 13 0
15 14 0
16 15 0
17 16 0
17 12 0
18 17 0
19 18 0
20 18 0
21 15 0
22 21 0
23 21 0
172
12 13
0 
0 
0 
0 
0 
1 
1 
0 
0 
1 
2 
2 
1 0 0
2 1 0
3 2 0
4 3 0
5 4 0
6 5 0
7 6 0
8 7 0
8 4 0
8 0 0
9 2 0
10 9 0
11 9 0
173
21 22
0 
0 
0 
0 
0 
0 
0 
0 
0 
0 
0 
0 
1 
2 
2 
1 
2 
2 
1 
2 
2 
1 0 0
2 1 0
3 2 0
4 3 0
5 4 0
5 0 0
6 5 0
7 6 0
8 7 0
9 8 0
10 9 0
11 10 0
11 6 0
12 10 0
13 12 0
14 12 0
15 9 0
16 15 0
17 15 0
18 2 0
19 18 0
20 18 0
174
22 25
0 
0 
0 
0 
0 
0 
0 
0 
0 
0 
0 
0 
0 
0 
0 
0 
1 
2 
2 
1 
2 
2 
1 0 0
2 1 0
3 2 0
4 3 0
5 4 0
6 5 0
7 6 0
7 2 0
8 7 0
9 8 0
9 0 0
10 8 0
11 10 0
11 6 0
12 11 0
13 12 0
14 13 0
15 14 0
15 10 0
16 13 0
17 16 0
18 16 0
19 3 0
20 19 0
21 19 0
175
22 24
0 
0 
0 
0 
0 
0 
5 
5 
2 
0 
0 
0 
0 
0 
0 
5 
5 
1 
2 
2 
5 
2 
1 0 0
2 1 0
3 2 0
4 3 0
5 4 0
5 0 0
6 5 0
7 4 0
8 2 0
9 8 0
10 9 0
11 10 0
12 11 0
13 12 0
14 13 0
14 9 0
15 14 0
16 13 0
17 12 0
18 17 0
19 17 0
20 11 0
21 10 0
21 1 0
176
12 13
0 
0 
0 
0 
0 
0 
1 
2 
2 
0 
0 
0 
1 0 0
2 1 0
3 2 0
4 3 0
5 4 0
5 0 0
6 5 0
7 6 0
8 6 0
9 3 0
10 9 0
11 10 0
11 2 0
177
20 22
0 
0 
0 
0 
0 
0 
1 
2 
2 
1 
0 
0 
1 
0 
0 
0 
0 
1 
2 
2 
1 0 0
2 1 0
3 2 0
4 3 0
5 4 0
5 0 0
6 4 0
7 6 0
8 6 0
9 3 0
10 9 0
11 10 0
12 11 0
12 2 0
13 11 0
14 13 0
15 14 0
16 15 0
16 10 0
17 16 0
18 17 0
19 17 0
178
13 14
0 
1 
1 
0 
0 
0 
0 
0 
0 
0 
1 
2 
2 
1 0 0
2 1 0
3 2 0
4 3 0
5 4 0
5 1 0
6 4 0
7 6 0
8 7 0
9 8 0
9 3 0
10 9 0
11 10 0
12 10 0
179
22 23
0 
0 
0 
0 
0 
0 
0 
0 
0 
2 
0 
0 
0 
0 
0 
0 
1 
2 
2 
1 
2 
2 
1 0 0
2 1 0
3 2 0
4 3 0
5 4 0
5 0 0
6 5 0
7 6 0
8 7 0
9 8 0
10 8 0
11 10 0
12 11 0
13 12 0
14 13 0
15 14 0
15 10 0
16 13 0
17 16 0
18 16 0
19 2 0
20 19 0
21 19 0
180
28 33
0 
0 
0 
0 
0 
0 
0 
0 
0 
0 
0 
0 
0 
0 
0 
0 
0 
0 
0 
0 
0 
0 
1 
2 
2 
1 
2 
2 
1 0 0
2 1 0
3 2 0
4 3 0
5 4 0
6 5 0
7 6 0
8 7 0
9 8 0
10 9 0
10 5 0
11 10 0
11 2 0
12 11 0
13 12 0
13 0 0
14 13 0
15 14 0
16 15 0
17 16 0
17 12 0
18 17 0
18 9 0
19 18 0
20 19 0
21 20 0
21 16 0
22 19 0
23 22 0
24 22 0
25 6 0
26 25 0
27 25 0
181
11 11
0 
0 
0 
0 
0 
0 
1 
1 
2 
2 
1 
1 0 0
2 1 0
3 2 0
4 3 0
5 4 0
5 0 0
6 5 0
7 3 0
8 7 0
9 7 0
10 2 0
182
14 15
0 
0 
0 
0 
0 
0 
0 
0 
0 
0 
1 
1 
2 
2 
1 0 0
2 1 0
3 2 0
4 3 0
5 4 0
6 5 0
7 6 0
8 7 0
9 8 0
9 4 0
10 9 0
10 1 0
11 8 0
12 11 0
13 11 0
183
22 25
0 
0 
0 
0 
0 
0 
0 
0 
0 
0 
0 
0 
0 
0 
0 
0 
1 
2 
2 
1 
2 
2 
1 0 0
2 1 0
3 2 0
4 3 0
5 4 0
6 5 0
7 6 0
7 2 0
8 7 0
9 8 0
9 0 0
10 9 0
11 10 0
12 11 0
13 12 0
13 8 0
14 13 0
15 14 0
15 6 0
16 12 0
17 16 0
18 16 0
19 5 0
20 19 0
21 19 0
184
22 25
0 
0 
0 
0 
0 
0 
0 
0 
0 
0 
0 
0 
0 
0 
0 
0 
1 
2 
2 
1 
2 
2 
1 0 0
2 1 0
3 2 0
4 3 0
5 4 0
6 5 0
7 6 0
7 2 0
8 7 0
9 8 0
9 0 0
10 8 0
11 10 0
11 6 0
12 11 0
13 12 0
14 13 0
15 14 0
15 10 0
16 15 0
17 16 0
18 16 0
19 3 0
20 19 0
21 19 0
185
13 13
0 
0 
0 
0 
0 
0 
3 
1 
2 
2 
1 
2 
2 
1 0 0
2 1 0
3 2 0
4 3 0
5 4 0
5 0 0
6 5 0
7 3 0
8 7 0
9 7 0
10 2 0
11 10 0
12 10 0
186
12 13
0 
0 
0 
0 
0 
0 
1 
2 
2 
0 
0 
1 
1 0 0
2 1 0
3 2 0
4 3 0
5 4 0
5 0 0
6 5 0
7 6 0
8 6 0
9 3 0
10 9 0
11 10 0
11 2 0
187
21 24
0 
0 
0 
0 
0 
0 
0 
0 
0 
0 
0 
0 
0 
0 
0 
0 
0 
0 
1 
2 
2 
1 0 0
2 1 0
3 2 0
4 3 0
5 4 0
5 0 0
6 4 0
7 6 0
8 7 0
9 8 0
10 9 0
11 10 0
11 6 0
12 11 0
13 12 0
13 3 0
14 13 0
15 14 0
16 15 0
17 16 0
17 12 0
18 16 0
19 18 0
20 18 0
188
16 18
0 
0 
0 
0 
1 
0 
0 
0 
0 
0 
0 
0 
0 
1 
2 
2 
1 0 0
2 1 0
3 2 0
4 3 0
5 4 0
6 5 0
7 6 0
8 7 0
9 8 0
10 9 0
10 5 0
11 10 0
11 3 0
12 11 0
12 0 0
13 8 0
14 13 0
15 13 0
