1
14 14
0 
0 
0 
0 
0 
0 
1 
2 
2 
1 
2 
2 
1 
1 
1 0 0
2 1 0
3 2 0
4 3 0
5 4 0
5 0 0
6 5 0
7 6 0
8 6 0
9 3 0
10 9 0
11 9 0
12 2 0
13 12 0
2
20 23
0 
0 
0 
0 
0 
0 
0 
0 
0 
0 
0 
0 
0 
0 
0 
0 
1 
2 
2 
2 
1 0 0
2 1 0
3 2 0
4 3 0
5 4 0
6 5 0
7 6 0
7 2 0
8 7 0
9 8 0
9 0 0
10 9 0
11 10 0
12 11 0
13 12 0
13 8 0
14 13 0
15 14 0
15 6 0
16 12 0
17 16 0
18 16 0
19 5 0
3
19 22
0 
0 
0 
0 
0 
0 
0 
0 
0 
0 
0 
0 
0 
0 
0 
0 
1 
2 
2 
1 0 0
2 1 0
3 2 0
4 3 0
5 4 0
6 5 0
7 6 0
8 7 0
9 8 0
10 9 0
10 5 0
11 10 0
11 2 0
12 11 0
13 12 0
13 0 0
14 12 0
15 14 0
15 9 0
16 7 0
17 16 0
18 16 0
4
23 27
0 
0 
0 
0 
0 
0 
0 
0 
0 
0 
0 
0 
0 
0 
0 
0 
0 
0 
0 
0 
1 
2 
2 
1 0 0
2 1 0
3 2 0
4 3 0
5 4 0
5 0 0
6 4 0
7 6 0
8 7 0
9 8 0
9 3 0
10 9 0
11 10 0
12 11 0
13 12 0
13 8 0
14 12 0
15 14 0
16 15 0
17 16 0
17 11 0
18 17 0
19 18 0
19 10 0
20 18 0
21 20 0
22 20 0
5
10 10
0 
0 
0 
0 
0 
0 
1 
2 
2 
3 
1 0 0
2 1 0
3 2 0
4 3 0
5 4 0
5 0 0
6 5 0
7 6 0
8 6 0
9 2 0
6
23 27
0 
0 
0 
0 
0 
0 
0 
0 
0 
0 
0 
0 
0 
0 
0 
0 
0 
0 
0 
0 
1 
2 
2 
1 0 0
2 1 0
3 2 0
4 3 0
5 4 0
5 0 0
6 4 0
7 6 0
8 7 0
9 8 0
9 3 0
10 9 0
11 10 0
12 11 0
13 12 0
14 13 0
15 14 0
16 15 0
16 11 0
17 16 0
17 8 0
18 17 0
19 18 0
19 15 0
20 19 0
21 20 0
22 20 0
7
20 23
0 
0 
0 
0 
0 
0 
0 
0 
0 
0 
0 
0 
0 
0 
0 
0 
2 
1 
2 
2 
1 0 0
2 1 0
3 2 0
4 3 0
5 4 0
6 5 0
7 6 0
8 7 0
9 8 0
10 9 0
10 5 0
11 10 0
11 2 0
12 11 0
13 12 0
13 0 0
14 12 0
15 14 0
15 9 0
16 8 0
17 6 0
18 17 0
19 17 0
8
19 22
0 
0 
0 
0 
0 
0 
0 
0 
0 
0 
0 
0 
0 
0 
0 
0 
1 
2 
2 
1 0 0
2 1 0
3 2 0
4 3 0
5 4 0
6 5 0
7 6 0
7 2 0
8 7 0
9 8 0
9 0 0
10 8 0
11 10 0
11 6 0
12 11 0
13 12 0
14 13 0
15 14 0
15 10 0
16 13 0
17 16 0
18 16 0
9
13 14
0 
1 
0 
0 
0 
0 
0 
0 
0 
1 
1 
2 
2 
1 0 0
2 1 0
3 2 0
4 3 0
5 4 0
6 5 0
7 6 0
7 2 0
8 7 0
9 8 0
9 1 0
10 5 0
11 10 0
12 10 0
10
11 11
0 
0 
0 
0 
0 
0 
3 
1 
2 
2 
3 
1 0 0
2 1 0
3 2 0
4 3 0
5 4 0
5 0 0
6 5 0
7 3 0
8 7 0
9 7 0
10 2 0
11
16 17
0 
0 
0 
0 
0 
0 
0 
0 
0 
0 
0 
0 
1 
1 
2 
2 
1 0 0
2 1 0
3 2 0
4 3 0
5 4 0
5 0 0
6 4 0
7 6 0
8 7 0
9 8 0
10 9 0
11 10 0
11 6 0
12 10 0
13 3 0
14 13 0
15 13 0
12
16 17
0 
0 
0 
0 
0 
0 
1 
0 
0 
0 
0 
0 
0 
1 
2 
2 
1 0 0
2 1 0
3 2 0
4 3 0
5 4 0
5 0 0
6 4 0
7 2 0
8 7 0
9 8 0
10 9 0
11 10 0
12 11 0
12 7 0
13 11 0
14 13 0
15 13 0
13
13 14
0 
1 
0 
0 
0 
0 
0 
0 
1 
2 
2 
0 
1 
1 0 0
2 1 0
3 2 0
4 3 0
5 4 0
6 5 0
7 6 0
7 2 0
8 7 0
9 8 0
10 8 0
11 3 0
12 11 0
12 1 0
14
18 19
0 
0 
0 
0 
0 
0 
0 
0 
0 
0 
0 
0 
1 
2 
2 
1 
2 
2 
1 0 0
2 1 0
3 2 0
4 3 0
5 4 0
5 0 0
6 5 0
7 6 0
8 7 0
9 8 0
10 9 0
11 10 0
11 6 0
12 9 0
13 12 0
14 12 0
15 2 0
16 15 0
17 15 0
15
12 12
0 
0 
2 
0 
0 
0 
0 
0 
0 
1 
2 
2 
1 0 0
2 1 0
3 2 0
4 3 0
5 4 0
6 5 0
7 6 0
8 7 0
8 3 0
9 8 0
10 9 0
11 9 0
16
13 14
0 
0 
0 
0 
1 
0 
0 
0 
0 
0 
1 
2 
2 
1 0 0
2 1 0
3 2 0
4 3 0
5 4 0
6 5 0
7 6 0
7 2 0
8 7 0
9 8 0
9 0 0
10 8 0
11 10 0
12 10 0
17
20 22
0 
0 
0 
0 
0 
0 
2 
0 
0 
0 
0 
0 
0 
2 
5 
5 
5 
1 
2 
2 
1 0 0
2 1 0
3 2 0
4 3 0
5 4 0
5 0 0
6 5 0
7 6 0
8 7 0
9 8 0
10 9 0
11 10 0
12 11 0
12 7 0
13 12 0
13 4 0
14 10 0
15 9 0
16 2 0
17 1 0
18 17 0
19 17 0
18
25 29
0 
0 
0 
0 
0 
0 
0 
0 
0 
0 
0 
0 
0 
0 
0 
0 
1 
2 
2 
0 
0 
0 
0 
2 
2 
1 0 0
2 1 0
3 2 0
4 3 0
5 4 0
6 5 0
7 6 0
7 2 0
8 7 0
9 8 0
9 0 0
10 9 0
11 10 0
12 11 0
13 12 0
13 8 0
14 13 0
15 14 0
15 6 0
16 12 0
17 16 0
18 16 0
19 4 0
20 19 0
21 20 0
22 21 0
22 3 0
23 20 0
24 19 0
19
12 13
0 
0 
0 
0 
0 
0 
1 
2 
2 
0 
0 
0 
1 0 0
2 1 0
3 2 0
4 3 0
5 4 0
5 0 0
6 5 0
7 6 0
8 6 0
9 3 0
10 9 0
11 10 0
11 2 0
20
11 11
0 
0 
0 
0 
0 
0 
1 
1 
2 
2 
1 
1 0 0
2 1 0
3 2 0
4 3 0
5 4 0
5 0 0
6 4 0
7 3 0
8 7 0
9 7 0
10 2 0
21
15 17
0 
0 
0 
0 
0 
0 
0 
0 
0 
0 
1 
2 
2 
0 
0 
1 0 0
2 1 0
3 2 0
4 3 0
5 4 0
6 5 0
7 6 0
8 7 0
8 3 0
9 8 0
9 0 0
10 7 0
11 10 0
12 10 0
13 4 0
14 13 0
14 2 0
22
17 19
0 
0 
0 
0 
0 
0 
1 
2 
2 
0 
0 
0 
0 
0 
0 
0 
5 
1 0 0
2 1 0
3 2 0
4 3 0
5 4 0
5 0 0
6 5 0
7 6 0
8 6 0
9 3 0
10 9 0
11 10 0
11 2 0
12 11 0
13 12 0
14 13 0
15 14 0
15 10 0
16 14 0
23
15 17
0 
0 
0 
0 
0 
0 
0 
0 
0 
0 
0 
0 
1 
2 
2 
1 0 0
2 1 0
3 2 0
4 3 0
5 4 0
6 5 0
7 6 0
7 2 0
8 7 0
9 8 0
9 0 0
10 8 0
11 10 0
11 6 0
12 11 0
13 12 0
14 12 0
24
20 22
0 
0 
0 
0 
0 
0 
1 
2 
2 
1 
0 
0 
1 
0 
0 
0 
0 
1 
2 
2 
1 0 0
2 1 0
3 2 0
4 3 0
5 4 0
5 0 0
6 4 0
7 6 0
8 6 0
9 3 0
10 9 0
11 10 0
12 11 0
12 2 0
13 11 0
14 13 0
15 14 0
16 15 0
16 10 0
17 16 0
18 17 0
19 17 0
25
20 22
0 
0 
0 
0 
0 
0 
1 
2 
2 
0 
2 
0 
0 
0 
0 
0 
0 
1 
2 
2 
1 0 0
2 1 0
3 2 0
4 3 0
5 4 0
5 0 0
6 5 0
7 6 0
8 6 0
9 3 0
10 9 0
11 9 0
12 11 0
12 2 0
13 12 0
14 13 0
15 14 0
16 15 0
16 11 0
17 15 0
18 17 0
19 17 0
26
12 13
0 
0 
0 
0 
0 
0 
1 
2 
2 
0 
0 
0 
1 0 0
2 1 0
3 2 0
4 3 0
5 4 0
5 0 0
6 5 0
7 6 0
8 6 0
9 3 0
10 9 0
11 10 0
11 2 0
27
11 11
0 
0 
0 
0 
0 
0 
5 
1 
2 
2 
1 
1 0 0
2 1 0
3 2 0
4 3 0
5 4 0
5 0 0
6 5 0
7 3 0
8 7 0
9 7 0
10 2 0
28
11 11
0 
0 
0 
0 
0 
0 
1 
2 
2 
5 
3 
1 0 0
2 1 0
3 2 0
4 3 0
5 4 0
5 0 0
6 5 0
7 6 0
8 6 0
9 3 0
10 2 0
29
16 18
0 
0 
0 
0 
0 
0 
0 
0 
0 
0 
0 
0 
0 
1 
2 
2 
1 0 0
2 1 0
3 2 0
4 3 0
5 4 0
5 0 0
6 4 0
7 6 0
8 7 0
8 3 0
9 8 0
10 9 0
11 10 0
12 11 0
12 7 0
13 11 0
14 13 0
15 13 0
30
12 13
0 
0 
0 
0 
1 
0 
1 
1 
2 
2 
0 
0 
1 0 0
2 1 0
3 2 0
4 3 0
5 4 0
6 5 0
6 2 0
7 5 0
8 7 0
9 7 0
10 3 0
11 10 0
11 0 0
31
22 23
0 
0 
0 
0 
0 
0 
0 
0 
0 
2 
0 
0 
0 
0 
0 
0 
1 
2 
2 
1 
2 
2 
1 0 0
2 1 0
3 2 0
4 3 0
5 4 0
5 0 0
6 5 0
7 6 0
8 7 0
9 8 0
10 8 0
11 10 0
12 11 0
13 12 0
14 13 0
15 14 0
15 10 0
16 13 0
17 16 0
18 16 0
19 2 0
20 19 0
21 19 0
32
15 17
0 
0 
0 
0 
0 
0 
0 
0 
0 
0 
0 
0 
1 
2 
2 
1 0 0
2 1 0
3 2 0
4 3 0
5 4 0
6 5 0
7 6 0
7 2 0
8 7 0
9 8 0
9 0 0
10 8 0
11 10 0
11 6 0
12 5 0
13 12 0
14 12 0
33
26 30
0 
0 
0 
0 
0 
0 
0 
0 
0 
0 
0 
0 
0 
0 
0 
0 
0 
0 
0 
0 
1 
2 
2 
1 
2 
2 
1 0 0
2 1 0
3 2 0
4 3 0
5 4 0
6 5 0
7 6 0
7 2 0
8 7 0
9 8 0
9 0 0
10 9 0
11 10 0
12 11 0
13 12 0
13 8 0
14 13 0
15 14 0
15 6 0
16 15 0
17 16 0
18 17 0
19 18 0
19 14 0
20 12 0
21 20 0
22 20 0
23 3 0
24 23 0
25 23 0
34
11 11
0 
2 
0 
0 
0 
0 
0 
0 
1 
2 
2 
1 0 0
2 1 0
3 2 0
4 3 0
5 4 0
6 5 0
7 6 0
7 2 0
8 5 0
9 8 0
10 8 0
35
12 13
0 
0 
0 
1 
0 
1 
0 
0 
0 
1 
2 
2 
1 0 0
2 1 0
3 2 0
4 3 0
5 4 0
6 5 0
6 2 0
7 6 0
8 7 0
8 0 0
9 8 0
10 9 0
11 9 0
36
22 25
0 
0 
0 
0 
0 
0 
0 
0 
0 
0 
0 
0 
0 
0 
0 
0 
1 
2 
2 
1 
2 
2 
1 0 0
2 1 0
3 2 0
4 3 0
5 4 0
5 0 0
6 4 0
7 6 0
8 7 0
9 8 0
10 9 0
11 10 0
11 6 0
12 11 0
12 3 0
13 12 0
14 13 0
15 14 0
15 10 0
16 14 0
17 16 0
18 16 0
19 8 0
20 19 0
21 19 0
37
20 22
0 
0 
0 
0 
0 
0 
1 
2 
2 
1 
0 
0 
0 
0 
0 
0 
1 
1 
2 
2 
1 0 0
2 1 0
3 2 0
4 3 0
5 4 0
5 0 0
6 4 0
7 6 0
8 6 0
9 3 0
10 9 0
11 10 0
12 11 0
13 12 0
14 13 0
15 14 0
15 10 0
16 15 0
16 2 0
17 13 0
18 17 0
19 17 0
38
20 22
0 
0 
0 
0 
0 
0 
1 
2 
2 
1 
0 
0 
0 
0 
0 
0 
1 
1 
2 
2 
1 0 0
2 1 0
3 2 0
4 3 0
5 4 0
5 0 0
6 5 0
7 6 0
8 6 0
9 3 0
10 9 0
11 10 0
12 11 0
13 12 0
14 13 0
15 14 0
15 10 0
16 15 0
16 2 0
17 13 0
18 17 0
19 17 0
39
22 25
0 
0 
0 
0 
0 
0 
0 
0 
0 
0 
0 
0 
0 
0 
0 
0 
1 
2 
2 
1 
2 
2 
1 0 0
2 1 0
3 2 0
4 3 0
5 4 0
6 5 0
7 6 0
7 2 0
8 7 0
9 8 0
9 0 0
10 9 0
11 10 0
12 11 0
13 12 0
13 8 0
14 13 0
15 14 0
15 6 0
16 12 0
17 16 0
18 16 0
19 3 0
20 19 0
21 19 0
40
20 22
0 
0 
2 
2 
0 
0 
0 
0 
0 
0 
0 
0 
0 
0 
0 
0 
0 
1 
2 
2 
1 0 0
2 1 0
3 1 0
4 3 0
5 4 0
6 5 0
7 6 0
8 7 0
9 8 0
9 4 0
10 8 0
11 10 0
12 11 0
12 7 0
13 12 0
14 13 0
15 14 0
16 15 0
16 11 0
17 15 0
18 17 0
19 17 0
41
17 19
0 
0 
0 
0 
0 
0 
0 
0 
0 
0 
0 
0 
0 
0 
1 
2 
2 
1 0 0
2 1 0
3 2 0
4 3 0
5 4 0
6 5 0
6 1 0
7 5 0
8 7 0
9 8 0
9 4 0
10 9 0
11 10 0
12 11 0
13 12 0
13 8 0
14 12 0
15 14 0
16 14 0
42
11 11
0 
0 
0 
0 
0 
0 
5 
1 
2 
2 
5 
1 0 0
2 1 0
3 2 0
4 3 0
5 4 0
5 0 0
6 5 0
7 3 0
8 7 0
9 7 0
10 2 0
43
23 27
0 
0 
0 
0 
0 
0 
0 
0 
0 
0 
0 
0 
0 
0 
0 
0 
1 
2 
2 
0 
0 
0 
0 
1 0 0
2 1 0
3 2 0
4 3 0
5 4 0
6 5 0
7 6 0
7 2 0
8 7 0
9 8 0
9 0 0
10 9 0
11 10 0
12 11 0
13 12 0
13 8 0
14 13 0
15 14 0
15 6 0
16 12 0
17 16 0
18 16 0
19 4 0
20 19 0
21 20 0
22 21 0
22 3 0
44
17 19
0 
0 
0 
0 
0 
0 
0 
0 
0 
0 
0 
0 
0 
0 
1 
2 
2 
1 0 0
2 1 0
3 2 0
4 3 0
5 4 0
5 0 0
6 4 0
7 6 0
8 7 0
9 8 0
9 3 0
10 9 0
11 10 0
12 11 0
13 12 0
13 8 0
14 12 0
15 14 0
16 14 0
45
17 19
0 
0 
0 
0 
0 
0 
1 
2 
2 
0 
0 
0 
0 
0 
0 
0 
2 
1 0 0
2 1 0
3 2 0
4 3 0
5 4 0
5 0 0
6 5 0
7 6 0
8 6 0
9 3 0
10 9 0
11 10 0
11 2 0
12 11 0
13 12 0
14 13 0
15 14 0
15 10 0
16 14 0
46
12 12
0 
0 
1 
0 
0 
1 
0 
0 
2 
1 
2 
2 
1 0 0
2 1 0
3 2 0
4 3 0
5 4 0
5 1 0
6 5 0
7 6 0
8 7 0
9 4 0
10 9 0
11 9 0
47
20 23
0 
0 
0 
0 
0 
0 
0 
0 
0 
0 
0 
0 
0 
0 
0 
0 
1 
1 
2 
2 
1 0 0
2 1 0
3 2 0
4 3 0
5 4 0
6 5 0
7 6 0
7 2 0
8 7 0
9 8 0
9 0 0
10 9 0
11 10 0
12 11 0
13 12 0
13 8 0
14 13 0
15 14 0
15 6 0
16 12 0
17 5 0
18 17 0
19 17 0
48
11 11
0 
0 
0 
0 
0 
0 
3 
3 
1 
2 
2 
1 0 0
2 1 0
3 2 0
4 3 0
5 4 0
5 0 0
6 5 0
7 3 0
8 2 0
9 8 0
10 8 0
49
13 13
0 
0 
0 
0 
0 
0 
1 
2 
2 
1 
2 
2 
5 
1 0 0
2 1 0
3 2 0
4 3 0
5 4 0
5 0 0
6 5 0
7 6 0
8 6 0
9 3 0
10 9 0
11 9 0
12 2 0
50
13 14
0 
0 
0 
0 
0 
0 
1 
0 
0 
0 
1 
2 
2 
1 0 0
2 1 0
3 2 0
4 3 0
5 4 0
6 5 0
7 6 0
7 2 0
8 7 0
9 8 0
9 0 0
10 8 0
11 10 0
12 10 0
