v 0 0 
v 1 0 
v 2 0 
v 3 0 
v 4 0 
v 5 0 
v 6 1 
v 7 2 
v 8 2 
v 9 1 
v 10 2 
v 11 2 
v 12 1 
v 13 1 
e 1 0 0
e 2 1 0
e 3 2 0
e 4 3 0
e 5 4 0
e 5 0 0
e 6 5 0
e 7 6 0
e 8 6 0
e 9 3 0
e 10 9 0
e 11 9 0
e 12 2 0
e 13 12 0
t 
v 0 0 
v 1 0 
v 2 0 
v 3 0 
v 4 0 
v 5 0 
v 6 0 
v 7 0 
v 8 0 
v 9 0 
v 10 0 
v 11 0 
v 12 0 
v 13 0 
v 14 0 
v 15 0 
v 16 1 
v 17 2 
v 18 2 
v 19 2 
e 1 0 0
e 2 1 0
e 3 2 0
e 4 3 0
e 5 4 0
e 6 5 0
e 7 6 0
e 7 2 0
e 8 7 0
e 9 8 0
e 9 0 0
e 10 9 0
e 11 10 0
e 12 11 0
e 13 12 0
e 13 8 0
e 14 13 0
e 15 14 0
e 15 6 0
e 16 12 0
e 17 16 0
e 18 16 0
e 19 5 0
t 
v 0 0 
v 1 0 
v 2 0 
v 3 0 
v 4 0 
v 5 0 
v 6 0 
v 7 0 
v 8 0 
v 9 0 
v 10 0 
v 11 0 
v 12 0 
v 13 0 
v 14 0 
v 15 0 
v 16 1 
v 17 2 
v 18 2 
e 1 0 0
e 2 1 0
e 3 2 0
e 4 3 0
e 5 4 0
e 6 5 0
e 7 6 0
e 8 7 0
e 9 8 0
e 10 9 0
e 10 5 0
e 11 10 0
e 11 2 0
e 12 11 0
e 13 12 0
e 13 0 0
e 14 12 0
e 15 14 0
e 15 9 0
e 16 7 0
e 17 16 0
e 18 16 0
t 
v 0 0 
v 1 0 
v 2 0 
v 3 0 
v 4 0 
v 5 0 
v 6 0 
v 7 0 
v 8 0 
v 9 0 
v 10 0 
v 11 0 
v 12 0 
v 13 0 
v 14 0 
v 15 0 
v 16 0 
v 17 0 
v 18 0 
v 19 0 
v 20 1 
v 21 2 
v 22 2 
e 1 0 0
e 2 1 0
e 3 2 0
e 4 3 0
e 5 4 0
e 5 0 0
e 6 4 0
e 7 6 0
e 8 7 0
e 9 8 0
e 9 3 0
e 10 9 0
e 11 10 0
e 12 11 0
e 13 12 0
e 13 8 0
e 14 12 0
e 15 14 0
e 16 15 0
e 17 16 0
e 17 11 0
e 18 17 0
e 19 18 0
e 19 10 0
e 20 18 0
e 21 20 0
e 22 20 0
t 
v 0 0 
v 1 0 
v 2 0 
v 3 0 
v 4 0 
v 5 0 
v 6 1 
v 7 2 
v 8 2 
v 9 3 
e 1 0 0
e 2 1 0
e 3 2 0
e 4 3 0
e 5 4 0
e 5 0 0
e 6 5 0
e 7 6 0
e 8 6 0
e 9 2 0
t 
v 0 0 
v 1 0 
v 2 0 
v 3 0 
v 4 0 
v 5 0 
v 6 0 
v 7 0 
v 8 0 
v 9 0 
v 10 0 
v 11 0 
v 12 0 
v 13 0 
v 14 0 
v 15 0 
v 16 0 
v 17 0 
v 18 0 
v 19 0 
v 20 1 
v 21 2 
v 22 2 
e 1 0 0
e 2 1 0
e 3 2 0
e 4 3 0
e 5 4 0
e 5 0 0
e 6 4 0
e 7 6 0
e 8 7 0
e 9 8 0
e 9 3 0
e 10 9 0
e 11 10 0
e 12 11 0
e 13 12 0
e 14 13 0
e 15 14 0
e 16 15 0
e 16 11 0
e 17 16 0
e 17 8 0
e 18 17 0
e 19 18 0
e 19 15 0
e 20 19 0
e 21 20 0
e 22 20 0
t 
v 0 0 
v 1 0 
v 2 0 
v 3 0 
v 4 0 
v 5 0 
v 6 0 
v 7 0 
v 8 0 
v 9 0 
v 10 0 
v 11 0 
v 12 0 
v 13 0 
v 14 0 
v 15 0 
v 16 2 
v 17 1 
v 18 2 
v 19 2 
e 1 0 0
e 2 1 0
e 3 2 0
e 4 3 0
e 5 4 0
e 6 5 0
e 7 6 0
e 8 7 0
e 9 8 0
e 10 9 0
e 10 5 0
e 11 10 0
e 11 2 0
e 12 11 0
e 13 12 0
e 13 0 0
e 14 12 0
e 15 14 0
e 15 9 0
e 16 8 0
e 17 6 0
e 18 17 0
e 19 17 0
t 
v 0 0 
v 1 0 
v 2 0 
v 3 0 
v 4 0 
v 5 0 
v 6 0 
v 7 0 
v 8 0 
v 9 0 
v 10 0 
v 11 0 
v 12 0 
v 13 0 
v 14 0 
v 15 0 
v 16 1 
v 17 2 
v 18 2 
e 1 0 0
e 2 1 0
e 3 2 0
e 4 3 0
e 5 4 0
e 6 5 0
e 7 6 0
e 7 2 0
e 8 7 0
e 9 8 0
e 9 0 0
e 10 8 0
e 11 10 0
e 11 6 0
e 12 11 0
e 13 12 0
e 14 13 0
e 15 14 0
e 15 10 0
e 16 13 0
e 17 16 0
e 18 16 0
t 
v 0 0 
v 1 1 
v 2 0 
v 3 0 
v 4 0 
v 5 0 
v 6 0 
v 7 0 
v 8 0 
v 9 1 
v 10 1 
v 11 2 
v 12 2 
e 1 0 0
e 2 1 0
e 3 2 0
e 4 3 0
e 5 4 0
e 6 5 0
e 7 6 0
e 7 2 0
e 8 7 0
e 9 8 0
e 9 1 0
e 10 5 0
e 11 10 0
e 12 10 0
t 
v 0 0 
v 1 0 
v 2 0 
v 3 0 
v 4 0 
v 5 0 
v 6 3 
v 7 1 
v 8 2 
v 9 2 
v 10 3 
e 1 0 0
e 2 1 0
e 3 2 0
e 4 3 0
e 5 4 0
e 5 0 0
e 6 5 0
e 7 3 0
e 8 7 0
e 9 7 0
e 10 2 0
t 
v 0 0 
v 1 0 
v 2 0 
v 3 0 
v 4 0 
v 5 0 
v 6 0 
v 7 0 
v 8 0 
v 9 0 
v 10 0 
v 11 0 
v 12 1 
v 13 1 
v 14 2 
v 15 2 
e 1 0 0
e 2 1 0
e 3 2 0
e 4 3 0
e 5 4 0
e 5 0 0
e 6 4 0
e 7 6 0
e 8 7 0
e 9 8 0
e 10 9 0
e 11 10 0
e 11 6 0
e 12 10 0
e 13 3 0
e 14 13 0
e 15 13 0
t 
v 0 0 
v 1 0 
v 2 0 
v 3 0 
v 4 0 
v 5 0 
v 6 1 
v 7 0 
v 8 0 
v 9 0 
v 10 0 
v 11 0 
v 12 0 
v 13 1 
v 14 2 
v 15 2 
e 1 0 0
e 2 1 0
e 3 2 0
e 4 3 0
e 5 4 0
e 5 0 0
e 6 4 0
e 7 2 0
e 8 7 0
e 9 8 0
e 10 9 0
e 11 10 0
e 12 11 0
e 12 7 0
e 13 11 0
e 14 13 0
e 15 13 0
t 
v 0 0 
v 1 1 
v 2 0 
v 3 0 
v 4 0 
v 5 0 
v 6 0 
v 7 0 
v 8 1 
v 9 2 
v 10 2 
v 11 0 
v 12 1 
e 1 0 0
e 2 1 0
e 3 2 0
e 4 3 0
e 5 4 0
e 6 5 0
e 7 6 0
e 7 2 0
e 8 7 0
e 9 8 0
e 10 8 0
e 11 3 0
e 12 11 0
e 12 1 0
t 
v 0 0 
v 1 0 
v 2 0 
v 3 0 
v 4 0 
v 5 0 
v 6 0 
v 7 0 
v 8 0 
v 9 0 
v 10 0 
v 11 0 
v 12 1 
v 13 2 
v 14 2 
v 15 1 
v 16 2 
v 17 2 
e 1 0 0
e 2 1 0
e 3 2 0
e 4 3 0
e 5 4 0
e 5 0 0
e 6 5 0
e 7 6 0
e 8 7 0
e 9 8 0
e 10 9 0
e 11 10 0
e 11 6 0
e 12 9 0
e 13 12 0
e 14 12 0
e 15 2 0
e 16 15 0
e 17 15 0
t 
v 0 0 
v 1 0 
v 2 2 
v 3 0 
v 4 0 
v 5 0 
v 6 0 
v 7 0 
v 8 0 
v 9 1 
v 10 2 
v 11 2 
e 1 0 0
e 2 1 0
e 3 2 0
e 4 3 0
e 5 4 0
e 6 5 0
e 7 6 0
e 8 7 0
e 8 3 0
e 9 8 0
e 10 9 0
e 11 9 0
t 
v 0 0 
v 1 0 
v 2 0 
v 3 0 
v 4 1 
v 5 0 
v 6 0 
v 7 0 
v 8 0 
v 9 0 
v 10 1 
v 11 2 
v 12 2 
e 1 0 0
e 2 1 0
e 3 2 0
e 4 3 0
e 5 4 0
e 6 5 0
e 7 6 0
e 7 2 0
e 8 7 0
e 9 8 0
e 9 0 0
e 10 8 0
e 11 10 0
e 12 10 0
t 
v 0 0 
v 1 0 
v 2 0 
v 3 0 
v 4 0 
v 5 0 
v 6 2 
v 7 0 
v 8 0 
v 9 0 
v 10 0 
v 11 0 
v 12 0 
v 13 2 
v 14 5 
v 15 5 
v 16 5 
v 17 1 
v 18 2 
v 19 2 
e 1 0 0
e 2 1 0
e 3 2 0
e 4 3 0
e 5 4 0
e 5 0 0
e 6 5 0
e 7 6 0
e 8 7 0
e 9 8 0
e 10 9 0
e 11 10 0
e 12 11 0
e 12 7 0
e 13 12 0
e 13 4 0
e 14 10 0
e 15 9 0
e 16 2 0
e 17 1 0
e 18 17 0
e 19 17 0
t 
v 0 0 
v 1 0 
v 2 0 
v 3 0 
v 4 0 
v 5 0 
v 6 0 
v 7 0 
v 8 0 
v 9 0 
v 10 0 
v 11 0 
v 12 0 
v 13 0 
v 14 0 
v 15 0 
v 16 1 
v 17 2 
v 18 2 
v 19 0 
v 20 0 
v 21 0 
v 22 0 
v 23 2 
v 24 2 
e 1 0 0
e 2 1 0
e 3 2 0
e 4 3 0
e 5 4 0
e 6 5 0
e 7 6 0
e 7 2 0
e 8 7 0
e 9 8 0
e 9 0 0
e 10 9 0
e 11 10 0
e 12 11 0
e 13 12 0
e 13 8 0
e 14 13 0
e 15 14 0
e 15 6 0
e 16 12 0
e 17 16 0
e 18 16 0
e 19 4 0
e 20 19 0
e 21 20 0
e 22 21 0
e 22 3 0
e 23 20 0
e 24 19 0
t 
v 0 0 
v 1 0 
v 2 0 
v 3 0 
v 4 0 
v 5 0 
v 6 1 
v 7 2 
v 8 2 
v 9 0 
v 10 0 
v 11 0 
e 1 0 0
e 2 1 0
e 3 2 0
e 4 3 0
e 5 4 0
e 5 0 0
e 6 5 0
e 7 6 0
e 8 6 0
e 9 3 0
e 10 9 0
e 11 10 0
e 11 2 0
t 
v 0 0 
v 1 0 
v 2 0 
v 3 0 
v 4 0 
v 5 0 
v 6 1 
v 7 1 
v 8 2 
v 9 2 
v 10 1 
e 1 0 0
e 2 1 0
e 3 2 0
e 4 3 0
e 5 4 0
e 5 0 0
e 6 4 0
e 7 3 0
e 8 7 0
e 9 7 0
e 10 2 0
t 
v 0 0 
v 1 0 
v 2 0 
v 3 0 
v 4 0 
v 5 0 
v 6 0 
v 7 0 
v 8 0 
v 9 0 
v 10 1 
v 11 2 
v 12 2 
v 13 0 
v 14 0 
e 1 0 0
e 2 1 0
e 3 2 0
e 4 3 0
e 5 4 0
e 6 5 0
e 7 6 0
e 8 7 0
e 8 3 0
e 9 8 0
e 9 0 0
e 10 7 0
e 11 10 0
e 12 10 0
e 13 4 0
e 14 13 0
e 14 2 0
t 
v 0 0 
v 1 0 
v 2 0 
v 3 0 
v 4 0 
v 5 0 
v 6 1 
v 7 2 
v 8 2 
v 9 0 
v 10 0 
v 11 0 
v 12 0 
v 13 0 
v 14 0 
v 15 0 
v 16 5 
e 1 0 0
e 2 1 0
e 3 2 0
e 4 3 0
e 5 4 0
e 5 0 0
e 6 5 0
e 7 6 0
e 8 6 0
e 9 3 0
e 10 9 0
e 11 10 0
e 11 2 0
e 12 11 0
e 13 12 0
e 14 13 0
e 15 14 0
e 15 10 0
e 16 14 0
t 
v 0 0 
v 1 0 
v 2 0 
v 3 0 
v 4 0 
v 5 0 
v 6 0 
v 7 0 
v 8 0 
v 9 0 
v 10 0 
v 11 0 
v 12 1 
v 13 2 
v 14 2 
e 1 0 0
e 2 1 0
e 3 2 0
e 4 3 0
e 5 4 0
e 6 5 0
e 7 6 0
e 7 2 0
e 8 7 0
e 9 8 0
e 9 0 0
e 10 8 0
e 11 10 0
e 11 6 0
e 12 11 0
e 13 12 0
e 14 12 0
t 
v 0 0 
v 1 0 
v 2 0 
v 3 0 
v 4 0 
v 5 0 
v 6 1 
v 7 2 
v 8 2 
v 9 1 
v 10 0 
v 11 0 
v 12 1 
v 13 0 
v 14 0 
v 15 0 
v 16 0 
v 17 1 
v 18 2 
v 19 2 
e 1 0 0
e 2 1 0
e 3 2 0
e 4 3 0
e 5 4 0
e 5 0 0
e 6 4 0
e 7 6 0
e 8 6 0
e 9 3 0
e 10 9 0
e 11 10 0
e 12 11 0
e 12 2 0
e 13 11 0
e 14 13 0
e 15 14 0
e 16 15 0
e 16 10 0
e 17 16 0
e 18 17 0
e 19 17 0
t 
v 0 0 
v 1 0 
v 2 0 
v 3 0 
v 4 0 
v 5 0 
v 6 1 
v 7 2 
v 8 2 
v 9 0 
v 10 2 
v 11 0 
v 12 0 
v 13 0 
v 14 0 
v 15 0 
v 16 0 
v 17 1 
v 18 2 
v 19 2 
e 1 0 0
e 2 1 0
e 3 2 0
e 4 3 0
e 5 4 0
e 5 0 0
e 6 5 0
e 7 6 0
e 8 6 0
e 9 3 0
e 10 9 0
e 11 9 0
e 12 11 0
e 12 2 0
e 13 12 0
e 14 13 0
e 15 14 0
e 16 15 0
e 16 11 0
e 17 15 0
e 18 17 0
e 19 17 0
t 
v 0 0 
v 1 0 
v 2 0 
v 3 0 
v 4 0 
v 5 0 
v 6 1 
v 7 2 
v 8 2 
v 9 0 
v 10 0 
v 11 0 
e 1 0 0
e 2 1 0
e 3 2 0
e 4 3 0
e 5 4 0
e 5 0 0
e 6 5 0
e 7 6 0
e 8 6 0
e 9 3 0
e 10 9 0
e 11 10 0
e 11 2 0
t 
v 0 0 
v 1 0 
v 2 0 
v 3 0 
v 4 0 
v 5 0 
v 6 5 
v 7 1 
v 8 2 
v 9 2 
v 10 1 
e 1 0 0
e 2 1 0
e 3 2 0
e 4 3 0
e 5 4 0
e 5 0 0
e 6 5 0
e 7 3 0
e 8 7 0
e 9 7 0
e 10 2 0
t 
v 0 0 
v 1 0 
v 2 0 
v 3 0 
v 4 0 
v 5 0 
v 6 1 
v 7 2 
v 8 2 
v 9 5 
v 10 3 
e 1 0 0
e 2 1 0
e 3 2 0
e 4 3 0
e 5 4 0
e 5 0 0
e 6 5 0
e 7 6 0
e 8 6 0
e 9 3 0
e 10 2 0
t 
v 0 0 
v 1 0 
v 2 0 
v 3 0 
v 4 0 
v 5 0 
v 6 0 
v 7 0 
v 8 0 
v 9 0 
v 10 0 
v 11 0 
v 12 0 
v 13 1 
v 14 2 
v 15 2 
e 1 0 0
e 2 1 0
e 3 2 0
e 4 3 0
e 5 4 0
e 5 0 0
e 6 4 0
e 7 6 0
e 8 7 0
e 8 3 0
e 9 8 0
e 10 9 0
e 11 10 0
e 12 11 0
e 12 7 0
e 13 11 0
e 14 13 0
e 15 13 0
t 
v 0 0 
v 1 0 
v 2 0 
v 3 0 
v 4 1 
v 5 0 
v 6 1 
v 7 1 
v 8 2 
v 9 2 
v 10 0 
v 11 0 
e 1 0 0
e 2 1 0
e 3 2 0
e 4 3 0
e 5 4 0
e 6 5 0
e 6 2 0
e 7 5 0
e 8 7 0
e 9 7 0
e 10 3 0
e 11 10 0
e 11 0 0
t 
v 0 0 
v 1 0 
v 2 0 
v 3 0 
v 4 0 
v 5 0 
v 6 0 
v 7 0 
v 8 0 
v 9 2 
v 10 0 
v 11 0 
v 12 0 
v 13 0 
v 14 0 
v 15 0 
v 16 1 
v 17 2 
v 18 2 
v 19 1 
v 20 2 
v 21 2 
e 1 0 0
e 2 1 0
e 3 2 0
e 4 3 0
e 5 4 0
e 5 0 0
e 6 5 0
e 7 6 0
e 8 7 0
e 9 8 0
e 10 8 0
e 11 10 0
e 12 11 0
e 13 12 0
e 14 13 0
e 15 14 0
e 15 10 0
e 16 13 0
e 17 16 0
e 18 16 0
e 19 2 0
e 20 19 0
e 21 19 0
t 
v 0 0 
v 1 0 
v 2 0 
v 3 0 
v 4 0 
v 5 0 
v 6 0 
v 7 0 
v 8 0 
v 9 0 
v 10 0 
v 11 0 
v 12 1 
v 13 2 
v 14 2 
e 1 0 0
e 2 1 0
e 3 2 0
e 4 3 0
e 5 4 0
e 6 5 0
e 7 6 0
e 7 2 0
e 8 7 0
e 9 8 0
e 9 0 0
e 10 8 0
e 11 10 0
e 11 6 0
e 12 5 0
e 13 12 0
e 14 12 0
t 
v 0 0 
v 1 0 
v 2 0 
v 3 0 
v 4 0 
v 5 0 
v 6 0 
v 7 0 
v 8 0 
v 9 0 
v 10 0 
v 11 0 
v 12 0 
v 13 0 
v 14 0 
v 15 0 
v 16 0 
v 17 0 
v 18 0 
v 19 0 
v 20 1 
v 21 2 
v 22 2 
v 23 1 
v 24 2 
v 25 2 
e 1 0 0
e 2 1 0
e 3 2 0
e 4 3 0
e 5 4 0
e 6 5 0
e 7 6 0
e 7 2 0
e 8 7 0
e 9 8 0
e 9 0 0
e 10 9 0
e 11 10 0
e 12 11 0
e 13 12 0
e 13 8 0
e 14 13 0
e 15 14 0
e 15 6 0
e 16 15 0
e 17 16 0
e 18 17 0
e 19 18 0
e 19 14 0
e 20 12 0
e 21 20 0
e 22 20 0
e 23 3 0
e 24 23 0
e 25 23 0
t 
v 0 0 
v 1 2 
v 2 0 
v 3 0 
v 4 0 
v 5 0 
v 6 0 
v 7 0 
v 8 1 
v 9 2 
v 10 2 
e 1 0 0
e 2 1 0
e 3 2 0
e 4 3 0
e 5 4 0
e 6 5 0
e 7 6 0
e 7 2 0
e 8 5 0
e 9 8 0
e 10 8 0
t 
v 0 0 
v 1 0 
v 2 0 
v 3 1 
v 4 0 
v 5 1 
v 6 0 
v 7 0 
v 8 0 
v 9 1 
v 10 2 
v 11 2 
e 1 0 0
e 2 1 0
e 3 2 0
e 4 3 0
e 5 4 0
e 6 5 0
e 6 2 0
e 7 6 0
e 8 7 0
e 8 0 0
e 9 8 0
e 10 9 0
e 11 9 0
t 
v 0 0 
v 1 0 
v 2 0 
v 3 0 
v 4 0 
v 5 0 
v 6 0 
v 7 0 
v 8 0 
v 9 0 
v 10 0 
v 11 0 
v 12 0 
v 13 0 
v 14 0 
v 15 0 
v 16 1 
v 17 2 
v 18 2 
v 19 1 
v 20 2 
v 21 2 
e 1 0 0
e 2 1 0
e 3 2 0
e 4 3 0
e 5 4 0
e 5 0 0
e 6 4 0
e 7 6 0
e 8 7 0
e 9 8 0
e 10 9 0
e 11 10 0
e 11 6 0
e 12 11 0
e 12 3 0
e 13 12 0
e 14 13 0
e 15 14 0
e 15 10 0
e 16 14 0
e 17 16 0
e 18 16 0
e 19 8 0
e 20 19 0
e 21 19 0
t 
v 0 0 
v 1 0 
v 2 0 
v 3 0 
v 4 0 
v 5 0 
v 6 1 
v 7 2 
v 8 2 
v 9 1 
v 10 0 
v 11 0 
v 12 0 
v 13 0 
v 14 0 
v 15 0 
v 16 1 
v 17 1 
v 18 2 
v 19 2 
e 1 0 0
e 2 1 0
e 3 2 0
e 4 3 0
e 5 4 0
e 5 0 0
e 6 4 0
e 7 6 0
e 8 6 0
e 9 3 0
e 10 9 0
e 11 10 0
e 12 11 0
e 13 12 0
e 14 13 0
e 15 14 0
e 15 10 0
e 16 15 0
e 16 2 0
e 17 13 0
e 18 17 0
e 19 17 0
t 
v 0 0 
v 1 0 
v 2 0 
v 3 0 
v 4 0 
v 5 0 
v 6 1 
v 7 2 
v 8 2 
v 9 1 
v 10 0 
v 11 0 
v 12 0 
v 13 0 
v 14 0 
v 15 0 
v 16 1 
v 17 1 
v 18 2 
v 19 2 
e 1 0 0
e 2 1 0
e 3 2 0
e 4 3 0
e 5 4 0
e 5 0 0
e 6 5 0
e 7 6 0
e 8 6 0
e 9 3 0
e 10 9 0
e 11 10 0
e 12 11 0
e 13 12 0
e 14 13 0
e 15 14 0
e 15 10 0
e 16 15 0
e 16 2 0
e 17 13 0
e 18 17 0
e 19 17 0
t 
v 0 0 
v 1 0 
v 2 0 
v 3 0 
v 4 0 
v 5 0 
v 6 0 
v 7 0 
v 8 0 
v 9 0 
v 10 0 
v 11 0 
v 12 0 
v 13 0 
v 14 0 
v 15 0 
v 16 1 
v 17 2 
v 18 2 
v 19 1 
v 20 2 
v 21 2 
e 1 0 0
e 2 1 0
e 3 2 0
e 4 3 0
e 5 4 0
e 6 5 0
e 7 6 0
e 7 2 0
e 8 7 0
e 9 8 0
e 9 0 0
e 10 9 0
e 11 10 0
e 12 11 0
e 13 12 0
e 13 8 0
e 14 13 0
e 15 14 0
e 15 6 0
e 16 12 0
e 17 16 0
e 18 16 0
e 19 3 0
e 20 19 0
e 21 19 0
t 
v 0 0 
v 1 0 
v 2 2 
v 3 2 
v 4 0 
v 5 0 
v 6 0 
v 7 0 
v 8 0 
v 9 0 
v 10 0 
v 11 0 
v 12 0 
v 13 0 
v 14 0 
v 15 0 
v 16 0 
v 17 1 
v 18 2 
v 19 2 
e 1 0 0
e 2 1 0
e 3 1 0
e 4 3 0
e 5 4 0
e 6 5 0
e 7 6 0
e 8 7 0
e 9 8 0
e 9 4 0
e 10 8 0
e 11 10 0
e 12 11 0
e 12 7 0
e 13 12 0
e 14 13 0
e 15 14 0
e 16 15 0
e 16 11 0
e 17 15 0
e 18 17 0
e 19 17 0
t 
v 0 0 
v 1 0 
v 2 0 
v 3 0 
v 4 0 
v 5 0 
v 6 0 
v 7 0 
v 8 0 
v 9 0 
v 10 0 
v 11 0 
v 12 0 
v 13 0 
v 14 1 
v 15 2 
v 16 2 
e 1 0 0
e 2 1 0
e 3 2 0
e 4 3 0
e 5 4 0
e 6 5 0
e 6 1 0
e 7 5 0
e 8 7 0
e 9 8 0
e 9 4 0
e 10 9 0
e 11 10 0
e 12 11 0
e 13 12 0
e 13 8 0
e 14 12 0
e 15 14 0
e 16 14 0
t 
v 0 0 
v 1 0 
v 2 0 
v 3 0 
v 4 0 
v 5 0 
v 6 5 
v 7 1 
v 8 2 
v 9 2 
v 10 5 
e 1 0 0
e 2 1 0
e 3 2 0
e 4 3 0
e 5 4 0
e 5 0 0
e 6 5 0
e 7 3 0
e 8 7 0
e 9 7 0
e 10 2 0
t 
v 0 0 
v 1 0 
v 2 0 
v 3 0 
v 4 0 
v 5 0 
v 6 0 
v 7 0 
v 8 0 
v 9 0 
v 10 0 
v 11 0 
v 12 0 
v 13 0 
v 14 0 
v 15 0 
v 16 1 
v 17 2 
v 18 2 
v 19 0 
v 20 0 
v 21 0 
v 22 0 
e 1 0 0
e 2 1 0
e 3 2 0
e 4 3 0
e 5 4 0
e 6 5 0
e 7 6 0
e 7 2 0
e 8 7 0
e 9 8 0
e 9 0 0
e 10 9 0
e 11 10 0
e 12 11 0
e 13 12 0
e 13 8 0
e 14 13 0
e 15 14 0
e 15 6 0
e 16 12 0
e 17 16 0
e 18 16 0
e 19 4 0
e 20 19 0
e 21 20 0
e 22 21 0
e 22 3 0
t 
v 0 0 
v 1 0 
v 2 0 
v 3 0 
v 4 0 
v 5 0 
v 6 0 
v 7 0 
v 8 0 
v 9 0 
v 10 0 
v 11 0 
v 12 0 
v 13 0 
v 14 1 
v 15 2 
v 16 2 
e 1 0 0
e 2 1 0
e 3 2 0
e 4 3 0
e 5 4 0
e 5 0 0
e 6 4 0
e 7 6 0
e 8 7 0
e 9 8 0
e 9 3 0
e 10 9 0
e 11 10 0
e 12 11 0
e 13 12 0
e 13 8 0
e 14 12 0
e 15 14 0
e 16 14 0
t 
v 0 0 
v 1 0 
v 2 0 
v 3 0 
v 4 0 
v 5 0 
v 6 1 
v 7 2 
v 8 2 
v 9 0 
v 10 0 
v 11 0 
v 12 0 
v 13 0 
v 14 0 
v 15 0 
v 16 2 
e 1 0 0
e 2 1 0
e 3 2 0
e 4 3 0
e 5 4 0
e 5 0 0
e 6 5 0
e 7 6 0
e 8 6 0
e 9 3 0
e 10 9 0
e 11 10 0
e 11 2 0
e 12 11 0
e 13 12 0
e 14 13 0
e 15 14 0
e 15 10 0
e 16 14 0
t 
v 0 0 
v 1 0 
v 2 1 
v 3 0 
v 4 0 
v 5 1 
v 6 0 
v 7 0 
v 8 2 
v 9 1 
v 10 2 
v 11 2 
e 1 0 0
e 2 1 0
e 3 2 0
e 4 3 0
e 5 4 0
e 5 1 0
e 6 5 0
e 7 6 0
e 8 7 0
e 9 4 0
e 10 9 0
e 11 9 0
t 
v 0 0 
v 1 0 
v 2 0 
v 3 0 
v 4 0 
v 5 0 
v 6 0 
v 7 0 
v 8 0 
v 9 0 
v 10 0 
v 11 0 
v 12 0 
v 13 0 
v 14 0 
v 15 0 
v 16 1 
v 17 1 
v 18 2 
v 19 2 
e 1 0 0
e 2 1 0
e 3 2 0
e 4 3 0
e 5 4 0
e 6 5 0
e 7 6 0
e 7 2 0
e 8 7 0
e 9 8 0
e 9 0 0
e 10 9 0
e 11 10 0
e 12 11 0
e 13 12 0
e 13 8 0
e 14 13 0
e 15 14 0
e 15 6 0
e 16 12 0
e 17 5 0
e 18 17 0
e 19 17 0
t 
v 0 0 
v 1 0 
v 2 0 
v 3 0 
v 4 0 
v 5 0 
v 6 3 
v 7 3 
v 8 1 
v 9 2 
v 10 2 
e 1 0 0
e 2 1 0
e 3 2 0
e 4 3 0
e 5 4 0
e 5 0 0
e 6 5 0
e 7 3 0
e 8 2 0
e 9 8 0
e 10 8 0
t 
v 0 0 
v 1 0 
v 2 0 
v 3 0 
v 4 0 
v 5 0 
v 6 1 
v 7 2 
v 8 2 
v 9 1 
v 10 2 
v 11 2 
v 12 5 
e 1 0 0
e 2 1 0
e 3 2 0
e 4 3 0
e 5 4 0
e 5 0 0
e 6 5 0
e 7 6 0
e 8 6 0
e 9 3 0
e 10 9 0
e 11 9 0
e 12 2 0
t 
v 0 0 
v 1 0 
v 2 0 
v 3 0 
v 4 0 
v 5 0 
v 6 1 
v 7 0 
v 8 0 
v 9 0 
v 10 1 
v 11 2 
v 12 2 
e 1 0 0
e 2 1 0
e 3 2 0
e 4 3 0
e 5 4 0
e 6 5 0
e 7 6 0
e 7 2 0
e 8 7 0
e 9 8 0
e 9 0 0
e 10 8 0
e 11 10 0
e 12 10 0
t 
